byte offset: 0
first index: 0
index count: 3234
topology: trianglelist
format: DXGI_FORMAT_R16_UINT

0 1 2
3 4 5
6 5 4
6 7 5
3 8 4
9 10 11
12 13 14
15 14 13
15 16 14
12 17 13
18 19 20
21 22 23
24 23 22
24 25 23
21 26 22
27 28 29
30 31 32
33 32 31
33 34 32
30 35 31
36 37 38
39 40 41
42 41 40
42 43 41
39 44 40
45 46 47
48 49 50
51 52 53
54 53 52
54 55 53
51 56 52
57 58 59
60 61 62
63 62 61
63 64 62
60 65 61
66 67 68
69 70 71
72 71 70
72 73 71
69 74 70
75 76 77
78 77 76
78 76 79
75 77 80
81 82 83
84 85 86
87 88 89
90 91 92
93 92 91
93 94 92
90 95 91
96 97 98
99 100 101
102 103 104
105 104 103
105 106 104
102 107 103
108 109 110
111 112 113
114 113 112
114 115 113
111 116 112
117 118 119
120 121 122
123 122 121
123 124 122
120 125 121
126 127 128
129 130 131
132 131 130
132 133 131
129 134 130
135 136 137
138 139 140
141 142 143
144 143 142
144 145 143
141 146 142
147 148 149
150 151 152
153 152 151
153 154 152
150 155 151
156 157 158
159 160 161
162 161 160
162 163 161
159 164 160
165 166 167
168 169 170
171 170 169
171 169 172
168 170 173
174 175 176
177 178 179
180 181 182
183 182 181
183 181 184
180 182 185
186 187 188
189 190 191
192 193 194
195 194 193
195 196 194
192 197 193
198 199 200
201 202 203
204 205 206
207 206 205
207 208 206
204 209 205
210 211 212
213 214 215
216 215 214
216 217 215
213 218 214
219 220 221
222 223 224
225 226 227
228 227 226
228 229 227
225 230 226
231 232 233
234 233 232
234 232 235
231 233 236
237 238 239
240 241 242
243 244 245
246 247 248
249 250 251
252 251 250
252 253 251
249 254 250
255 256 257
258 259 260
261 260 259
261 262 260
258 263 259
264 265 266
267 266 265
267 265 268
264 266 269
270 271 272
273 274 275
276 277 278
279 278 277
279 277 280
276 278 281
282 283 284
285 286 287
288 289 290
291 292 293
294 293 292
294 295 293
291 296 292
297 298 299
300 301 302
303 302 301
303 304 302
300 305 301
306 307 308
309 310 311
312 311 310
312 313 311
309 314 310
315 316 317
318 319 320
321 320 319
321 322 320
318 323 319
324 325 326
327 328 329
330 331 332
333 334 335
336 335 334
336 337 335
333 338 334
339 340 341
342 343 344
345 346 347
348 349 350
351 350 349
351 352 350
348 353 349
354 355 356
357 358 359
360 359 358
360 358 361
357 359 362
363 364 365
366 367 368
369 370 371
372 373 374
375 374 373
375 376 374
372 377 373
378 379 380
381 382 383
384 383 382
384 385 383
381 386 382
387 388 389
390 391 392
393 392 391
393 391 394
390 392 395
396 397 398
399 400 401
402 403 404
405 404 403
405 406 404
402 407 403
408 409 410
411 412 413
414 413 412
414 412 415
411 413 416
417 418 419
420 421 422
423 424 425
426 425 424
426 427 425
423 428 424
429 430 431
432 433 434
435 436 437
438 437 436
438 439 437
435 440 436
441 442 443
444 445 446
447 446 445
447 448 446
444 449 445
450 451 452
453 454 455
456 455 454
456 457 455
453 458 454
459 460 461
462 463 464
465 464 463
465 466 464
462 467 463
468 469 470
471 472 473
474 473 472
474 472 475
471 473 476
477 478 479
480 481 482
483 484 485
486 487 488
489 488 487
489 490 488
486 491 487
492 493 494
495 496 497
498 499 500
501 500 499
501 502 500
498 503 499
504 505 506
507 508 509
510 509 508
510 511 509
507 512 508
513 514 515
516 517 518
519 518 517
519 517 520
516 518 521
522 523 524
525 526 527
528 529 530
531 530 529
531 532 530
528 533 529
534 535 536
537 538 539
540 539 538
540 541 539
537 542 538
543 544 545
546 547 548
549 548 547
549 547 550
546 548 551
552 553 554
555 556 557
558 559 560
561 560 559
561 562 560
558 563 559
564 565 566
567 568 569
570 569 568
570 568 571
567 569 572
573 574 575
576 577 578
579 580 581
582 583 584
585 584 583
585 586 584
582 587 583
588 589 590
591 590 589
591 589 592
588 590 593
594 595 596
597 598 599
600 601 602
603 602 601
603 604 602
600 605 601
606 607 608
609 608 607
609 607 610
606 608 611
612 613 614
615 616 617
618 619 620
621 620 619
621 622 620
618 623 619
624 625 626
627 628 629
630 629 628
630 631 629
627 632 628
633 634 635
636 637 638
639 638 637
639 640 638
636 641 637
642 643 644
645 646 647
648 647 646
648 649 647
645 650 646
651 652 653
654 655 656
657 656 655
657 658 656
654 659 655
660 661 662
663 664 665
666 667 668
669 670 671
672 671 670
672 673 671
669 674 670
675 676 677
678 679 680
681 680 679
681 682 680
678 683 679
684 685 686
687 688 689
690 689 688
690 691 689
687 692 688
693 694 695
696 697 698
699 698 697
699 700 698
696 701 697
702 703 704
705 706 707
708 709 710
711 712 713
714 713 712
714 715 713
711 716 712
717 718 719
720 721 722
723 722 721
723 724 722
720 725 721
726 727 728
729 730 731
732 731 730
732 733 731
729 734 730
735 736 737
738 739 740
741 740 739
741 742 740
738 743 739
744 745 746
747 746 745
747 745 748
744 746 749
750 751 752
753 754 755
756 755 754
756 754 757
753 755 758
759 760 761
762 763 764
765 764 763
765 763 766
762 764 767
768 769 770
771 772 773
774 775 776
777 776 775
777 775 778
774 776 779
780 781 782
783 784 785
786 785 784
786 784 787
783 785 788
789 790 791
792 793 794
795 796 797
798 799 800
801 800 799
801 802 800
798 803 799
804 805 806
807 808 809
810 811 812
813 812 811
813 814 812
810 815 811
816 817 818
819 818 817
819 817 820
816 818 821
822 823 824
825 826 827
828 829 830
831 830 829
831 832 830
828 833 829
834 835 836
837 838 839
840 839 838
840 841 839
837 842 838
843 844 845
846 847 848
849 848 847
849 850 848
846 851 847
852 853 854
855 856 857
858 857 856
858 859 857
855 860 856
861 862 863
864 865 866
867 866 865
867 868 866
864 869 865
870 871 872
873 874 875
876 877 878
879 878 877
879 880 878
876 881 877
882 883 884
885 886 887
888 887 886
888 886 889
885 887 890
891 892 893
894 895 896
894 896 897
898 899 900
898 900 901
902 903 904
902 904 905
906 907 908
906 908 909
910 911 912
910 912 913
914 915 916
914 916 917
918 919 920
918 920 921
922 923 924
922 924 925
926 927 928
926 928 929
930 931 932
933 932 931
933 931 934
930 932 935
936 937 938
939 938 937
939 937 940
936 938 941
942 943 944
945 944 943
945 943 946
942 944 947
948 949 950
951 950 949
951 949 952
948 950 953
954 955 956
957 956 955
957 955 958
954 956 959
960 961 962
963 962 961
963 961 964
960 962 965
966 967 968
969 968 967
969 967 970
966 968 971
972 973 974
975 974 973
975 973 976
972 974 977
978 979 980
981 980 979
981 979 982
978 980 983
984 985 986
987 986 985
987 985 988
984 986 989
990 991 992
993 992 991
993 991 994
990 992 995
996 997 998
999 998 997
999 997 1000
996 998 1001
1002 1003 1004
1005 1004 1003
1005 1003 1006
1002 1004 1007
1008 1009 1010
1011 1010 1009
1011 1009 1012
1008 1010 1013
1014 1015 1016
1017 1016 1015
1017 1015 1018
1014 1016 1019
1020 1021 1022
1023 1022 1021
1023 1021 1024
1020 1022 1025
1026 1027 1028
1029 1028 1027
1029 1027 1030
1026 1028 1031
1032 1033 1034
1035 1034 1033
1035 1033 1036
1032 1034 1037
1038 1039 1040
1041 1040 1039
1041 1039 1042
1038 1040 1043
1044 1045 1046
1047 1046 1045
1047 1045 1048
1044 1046 1049
1050 1051 1052
1053 1052 1051
1053 1051 1054
1050 1052 1055
1056 1057 1058
1059 1058 1057
1059 1057 1060
1056 1058 1061
1062 1063 1064
1065 1064 1063
1065 1063 1066
1062 1064 1067
1068 1069 1070
1071 1070 1069
1071 1069 1072
1068 1070 1073
1074 1075 1076
1077 1076 1075
1077 1075 1078
1074 1076 1079
1080 1081 1082
1083 1082 1081
1083 1081 1084
1080 1082 1085
1086 1087 1088
1089 1088 1087
1089 1087 1090
1086 1088 1091
1092 1093 1094
1095 1094 1093
1095 1093 1096
1092 1094 1097
1098 1099 1100
1101 1100 1099
1101 1099 1102
1098 1100 1103
1104 1105 1106
1107 1106 1105
1107 1105 1108
1104 1106 1109
1110 1111 1112
1113 1112 1111
1113 1111 1114
1110 1112 1115
1116 1117 1118
1119 1118 1117
1119 1117 1120
1116 1118 1121
1122 1123 1124
1125 1124 1123
1125 1123 1126
1122 1124 1127
1128 1129 1130
1131 1130 1129
1131 1129 1132
1128 1130 1133
1134 1135 1136
1137 1136 1135
1137 1135 1138
1134 1136 1139
1140 1141 1142
1143 1142 1141
1143 1141 1144
1140 1142 1145
1146 1147 1148
1149 1148 1147
1149 1147 1150
1146 1148 1151
1152 1153 1154
1152 1154 1155
1152 1156 1153
1152 1157 1156
1157 1158 1156
1157 1159 1158
1159 1160 1158
1159 1161 1160
1162 1154 1153
1162 1153 1163
1163 1153 1156
1163 1156 1164
1164 1156 1158
1164 1158 1165
1158 1160 1166
1158 1166 1165
1167 1152 1155
1167 1168 1152
1169 1168 1167
1169 1170 1168
1171 1170 1169
1171 1172 1170
1172 1173 1170
1168 1170 1173
1172 1174 1173
1174 1175 1173
1174 1176 1175
1176 1177 1175
1176 1178 1177
1179 1176 1174
1179 1174 1180
1180 1174 1181
1182 1181 1171
1183 1178 1176
1183 1176 1179
1184 1181 1182
1184 1182 1185
1186 1180 1181
1186 1181 1184
1187 1179 1180
1187 1180 1186
1188 1183 1179
1188 1179 1187
1189 1184 1185
1189 1186 1184
1189 1187 1186
1189 1188 1187
1175 1177 1190
1175 1190 1191
1191 1190 1161
1191 1161 1159
1157 1191 1159
1157 1192 1191
1192 1175 1191
1192 1173 1175
1168 1173 1192
1152 1168 1192
1152 1192 1157
1193 1172 1171
1193 1171 1194
1195 1172 1193
1195 1174 1172
1195 1196 1174
1197 1193 1194
1197 1194 1198
1199 1195 1193
1199 1193 1197
1200 1196 1195
1200 1195 1199
1201 1196 1200
1201 1202 1196
1202 1178 1196
1198 1203 1197
1198 1204 1203
1205 1203 1204
1205 1206 1203
1206 1207 1203
1197 1203 1207
1197 1207 1199
1206 1208 1207
1208 1209 1207
1199 1207 1209
1199 1209 1200
1208 1210 1209
1210 1211 1209
1200 1209 1211
1200 1211 1201
1210 1212 1211
1213 1214 1215
1213 1215 1216
1217 1214 1213
1217 1218 1214
1219 1218 1217
1219 1220 1218
1221 1220 1219
1221 1222 1220
1223 1213 1216
1223 1216 1224
1225 1217 1213
1225 1213 1223
1226 1219 1217
1226 1217 1225
1227 1221 1219
1227 1219 1226
1228 1223 1224
1228 1224 1229
1230 1225 1223
1230 1223 1228
1231 1226 1225
1231 1225 1230
1232 1227 1226
1232 1226 1231
1233 1228 1229
1233 1229 1234
1235 1230 1228
1235 1228 1233
1236 1231 1230
1236 1230 1235
1237 1232 1231
1237 1231 1236
1238 1233 1234
1238 1235 1233
1238 1236 1235
1238 1237 1236
1239 1240 1241
1239 1241 1242
1243 1240 1239
1243 1244 1240
1245 1244 1243
1245 1246 1244
1247 1246 1245
1247 1248 1246
1249 1239 1242
1249 1242 1250
1251 1243 1239
1251 1239 1249
1252 1245 1243
1252 1243 1251
1253 1247 1245
1253 1245 1252
1254 1252 1251
1254 1253 1252
1254 1255 1250
1254 1251 1255
1256 1257 1258
1256 1258 1259
1260 1257 1256
1260 1261 1257
1260 1262 1261
1260 1263 1262
1264 1262 1263
1264 1265 1262
1266 1256 1259
1266 1260 1256
1266 1263 1260
1266 1264 1263
1267 1268 1269
1267 1269 1270
1271 1268 1267
1271 1272 1268
1273 1272 1271
1273 1274 1272
1275 1274 1273
1275 1276 1274
1277 1267 1270
1277 1270 1278
1279 1271 1267
1279 1267 1277
1280 1273 1271
1280 1271 1279
1281 1275 1273
1281 1273 1280
1282 1280 1279
1282 1281 1280
1282 1283 1278
1282 1279 1283
1284 1285 1286
1284 1286 1287
1288 1285 1284
1288 1289 1285
1290 1289 1288
1290 1291 1289
1292 1291 1290
1292 1293 1291
1294 1284 1287
1294 1287 1295
1296 1288 1284
1296 1284 1294
1297 1290 1288
1297 1288 1296
1298 1292 1290
1298 1290 1297
1299 1297 1296
1299 1296 1300
1300 1296 1301
1302 1301 1295
1300 1301 1302
1302 1295 1303
1304 1298 1297
1304 1297 1299
1305 1302 1303
1305 1300 1302
1305 1299 1300
1305 1304 1299
1306 1294 1295
1306 1295 1307
1308 1296 1294
1308 1294 1306
1309 1296 1308
1309 1310 1296
1311 1298 1310
1311 1310 1309
1312 1306 1307
1312 1307 1313
1314 1308 1306
1314 1306 1312
1315 1309 1308
1315 1308 1314
1316 1311 1309
1316 1309 1315
1317 1312 1313
1317 1314 1312
1317 1315 1314
1317 1316 1315
1318 1319 1320
1318 1320 1321
1322 1319 1318
1322 1323 1319
1324 1323 1322
1324 1325 1323
1326 1325 1324
1326 1327 1325
1328 1318 1321
1328 1321 1329
1330 1322 1318
1330 1318 1328
1331 1324 1322
1331 1322 1330
1332 1326 1324
1332 1324 1331
1333 1328 1329
1333 1329 1334
1335 1330 1328
1335 1328 1333
1336 1331 1330
1336 1330 1335
1337 1332 1331
1337 1331 1336
1338 1336 1335
1338 1335 1339
1339 1335 1340
1341 1340 1334
1339 1340 1341
1341 1334 1342
1343 1337 1336
1343 1336 1338
1344 1341 1342
1344 1339 1341
1344 1338 1339
1344 1343 1338
1345 1333 1334
1345 1334 1346
1347 1335 1333
1347 1333 1345
1348 1335 1347
1348 1349 1335
1350 1337 1349
1350 1349 1348
1351 1345 1346
1351 1346 1352
1353 1347 1345
1353 1345 1351
1354 1348 1347
1354 1347 1353
1355 1350 1348
1355 1348 1354
1356 1351 1352
1356 1353 1351
1356 1354 1353
1356 1355 1354
1357 1358 1359
1357 1359 1360
1361 1358 1357
1361 1362 1358
1363 1362 1361
1363 1364 1362
1365 1364 1363
1365 1366 1364
1367 1363 1361
1367 1361 1368
1368 1361 1369
1370 1369 1360
1368 1369 1370
1370 1360 1371
1372 1365 1363
1372 1363 1367
1373 1370 1371
1373 1371 1374
1375 1368 1370
1375 1370 1373
1376 1367 1368
1376 1368 1375
1377 1372 1367
1377 1367 1376
1378 1373 1374
1378 1375 1373
1378 1376 1375
1378 1377 1376
1379 1365 1380
1379 1380 1381
1381 1380 1361
1381 1361 1382
1382 1361 1357
1382 1357 1383
1383 1357 1360
1383 1360 1384
1385 1383 1384
1385 1384 1386
1387 1382 1383
1387 1383 1385
1388 1381 1382
1388 1382 1387
1389 1379 1381
1389 1381 1388
1390 1385 1386
1390 1387 1385
1390 1388 1387
1390 1389 1388
1391 1392 1393
1391 1393 1394
1395 1392 1391
1395 1396 1392
1397 1396 1395
1397 1398 1396
1397 1399 1398
1397 1400 1399
1401 1397 1395
1401 1395 1402
1403 1402 1394
1401 1402 1403
1403 1394 1404
1401 1405 1397
1406 1400 1397
1406 1397 1405
1407 1403 1404
1407 1401 1403
1407 1405 1401
1407 1406 1405
1408 1391 1394
1408 1394 1409
1410 1395 1391
1410 1391 1408
1410 1411 1395
1410 1412 1411
1413 1400 1411
1413 1411 1412
1414 1408 1409
1414 1410 1408
1414 1412 1410
1414 1413 1412
1415 1416 1417
1415 1417 1418
1419 1416 1415
1419 1420 1416
1421 1420 1419
1421 1422 1420
1423 1422 1421
1423 1424 1422
1425 1415 1418
1425 1418 1426
1427 1419 1415
1427 1415 1425
1428 1421 1419
1428 1419 1427
1429 1423 1421
1429 1421 1428
1430 1428 1427
1430 1427 1431
1431 1427 1432
1433 1432 1426
1431 1432 1433
1433 1426 1434
1435 1429 1428
1435 1428 1430
1436 1433 1434
1436 1431 1433
1436 1430 1431
1436 1435 1430
1437 1425 1426
1437 1426 1438
1439 1427 1425
1439 1425 1437
1440 1427 1439
1440 1441 1427
1442 1429 1441
1442 1441 1440
1443 1437 1438
1443 1439 1437
1443 1440 1439
1443 1442 1440
1444 1445 1446
1444 1446 1447
1448 1445 1444
1448 1449 1445
1450 1449 1448
1450 1451 1449
1452 1451 1450
1452 1453 1451
1454 1444 1447
1454 1447 1455
1456 1448 1444
1456 1444 1454
1457 1450 1448
1457 1448 1456
1458 1452 1450
1458 1450 1457
1459 1454 1455
1459 1456 1454
1459 1460 1456
1459 1458 1460
1461 1462 1463
1461 1463 1464
1465 1462 1461
1465 1466 1462
1467 1466 1465
1467 1468 1466
1469 1468 1467
1469 1470 1468
1471 1461 1464
1471 1464 1472
1473 1465 1461
1473 1461 1471
1474 1467 1465
1474 1465 1473
1475 1469 1467
1475 1467 1474
1476 1471 1472
1476 1473 1471
1476 1477 1473
1476 1475 1477
