byte offset: 0
first index: 0
index count: 3408
topology: trianglelist
format: DXGI_FORMAT_R16_UINT

0 1 2
0 1 2
2 1 3
2 1 3
4 5 6
4 5 6
7 5 4
7 5 4
8 9 10
8 9 10
11 9 8
11 9 8
12 13 14
12 13 14
15 13 12
15 13 12
16 17 18
16 17 18
18 17 19
18 17 19
20 21 22
20 21 22
23 21 20
23 21 20
24 25 26
24 25 26
27 25 24
27 25 24
28 29 30
28 29 30
30 29 31
30 29 31
32 33 34
32 33 34
35 33 32
35 33 32
36 37 38
36 37 38
39 37 36
39 37 36
40 41 42
40 41 42
43 41 40
43 41 40
44 45 46
44 45 46
46 45 47
46 45 47
48 49 50
48 49 50
50 49 51
50 49 51
52 53 54
52 53 54
55 53 52
55 53 52
56 57 58
56 57 58
58 57 59
58 57 59
60 61 62
60 61 62
62 61 63
62 61 63
64 65 66
64 65 66
64 66 67
64 66 67
68 69 70
68 69 70
70 69 71
70 69 71
72 73 74
72 73 74
75 73 72
75 73 72
76 77 78
76 77 78
79 77 76
79 77 76
80 81 82
80 81 82
82 81 83
82 81 83
84 85 86
84 85 86
86 85 87
86 85 87
88 89 90
88 89 90
91 89 88
91 89 88
92 93 94
92 93 94
95 93 92
95 93 92
96 97 98
96 97 98
98 97 99
98 97 99
100 101 102
100 101 102
103 101 100
103 101 100
104 105 106
104 105 106
107 105 104
107 105 104
108 109 110
108 109 110
110 109 111
110 109 111
112 113 114
112 113 114
112 114 115
112 114 115
116 117 118
116 117 118
118 117 119
118 117 119
120 121 122
120 121 122
123 121 120
123 121 120
124 125 126
124 125 126
126 125 127
126 125 127
128 129 130
128 129 130
131 129 128
131 129 128
132 133 134
132 133 134
134 133 135
134 133 135
136 137 138
136 137 138
136 138 139
136 138 139
140 141 142
140 141 142
143 141 140
143 141 140
144 145 146
144 145 146
146 145 147
146 145 147
148 149 150
148 149 150
150 149 151
150 149 151
152 153 154
152 153 154
155 153 152
155 153 152
156 157 158
156 157 158
158 157 159
158 157 159
160 161 162
160 161 162
163 161 160
163 161 160
164 165 166
164 165 166
167 165 164
167 165 164
168 169 170
168 169 170
170 169 171
170 169 171
172 173 174
172 173 174
174 173 175
174 173 175
176 177 178
176 177 178
176 178 179
176 178 179
180 181 182
180 181 182
182 181 183
182 181 183
184 185 186
184 185 186
186 185 187
186 185 187
188 189 190
188 189 190
191 189 188
191 189 188
192 193 194
192 193 194
195 193 192
195 193 192
196 197 198
196 197 198
198 197 199
198 197 199
200 201 202
200 201 202
202 201 203
202 201 203
204 205 206
204 205 206
207 205 204
207 205 204
208 209 210
208 209 210
211 209 208
211 209 208
212 213 214
212 213 214
215 213 212
215 213 212
216 217 218
216 217 218
218 217 219
218 217 219
220 221 222
220 221 222
223 221 220
223 221 220
224 225 226
224 225 226
226 225 227
226 225 227
228 229 230
228 229 230
230 229 231
230 229 231
232 233 234
232 233 234
235 233 232
235 233 232
236 237 238
236 237 238
238 237 239
238 237 239
240 241 242
240 241 242
242 241 243
242 241 243
244 245 246
244 245 246
246 245 247
246 245 247
248 249 250
248 249 250
248 250 251
248 250 251
252 253 254
252 253 254
254 253 255
254 253 255
256 257 258
256 257 258
258 257 259
258 257 259
260 261 262
260 261 262
262 261 263
262 261 263
264 265 266
264 265 266
267 265 264
267 265 264
268 269 270
268 269 270
270 269 271
270 269 271
272 273 274
272 273 274
274 273 275
274 273 275
276 277 278
276 277 278
279 277 276
279 277 276
280 281 282
280 281 282
282 281 283
282 281 283
284 285 286
284 285 286
287 285 284
287 285 284
288 289 290
288 289 290
291 289 288
291 289 288
292 293 294
292 293 294
295 293 292
295 293 292
296 297 298
296 297 298
298 297 299
298 297 299
300 301 302
300 301 302
302 301 303
302 301 303
304 305 306
304 305 306
306 305 307
306 305 307
308 309 310
308 309 310
311 309 308
311 309 308
312 313 314
312 313 314
315 313 312
315 313 312
316 317 318
316 317 318
318 317 319
318 317 319
320 321 322
320 321 322
323 321 320
323 321 320
324 325 326
324 325 326
326 325 327
326 325 327
328 329 330
328 329 330
330 329 331
330 329 331
332 333 334
332 333 334
334 333 335
334 333 335
336 337 338
336 337 338
339 337 336
339 337 336
340 341 342
340 341 342
342 341 343
342 341 343
344 345 346
344 345 346
347 345 344
347 345 344
348 349 350
348 349 350
350 349 351
350 349 351
352 353 354
352 353 354
354 353 355
354 353 355
356 357 358
356 357 358
359 357 356
359 357 356
360 361 362
360 361 362
363 361 360
363 361 360
364 365 366
364 365 366
366 365 367
366 365 367
368 369 370
368 369 370
371 369 368
371 369 368
372 373 374
372 373 374
375 373 372
375 373 372
376 377 378
376 377 378
378 377 379
378 377 379
380 381 382
380 381 382
382 381 383
382 381 383
384 385 386
384 385 386
384 386 387
384 386 387
388 389 390
388 389 390
391 389 388
391 389 388
392 393 394
392 393 394
395 393 392
395 393 392
396 397 398
396 397 398
398 397 399
398 397 399
400 401 402
400 401 402
403 401 400
403 401 400
404 405 406
404 405 406
407 405 404
407 405 404
408 409 410
408 409 410
411 409 408
411 409 408
412 413 414
412 413 414
415 413 412
415 413 412
416 417 418
416 417 418
419 417 416
419 417 416
420 421 422
420 421 422
422 421 423
422 421 423
424 425 426
424 425 426
426 425 427
426 425 427
428 429 430
428 429 430
431 429 428
431 429 428
432 433 434
432 433 434
434 433 435
434 433 435
436 437 438
436 437 438
438 437 439
438 437 439
440 441 442
440 441 442
443 441 440
443 441 440
444 445 446
444 445 446
447 445 444
447 445 444
448 449 450
448 449 450
451 449 448
451 449 448
452 453 454
452 453 454
455 453 452
455 453 452
456 457 458
456 457 458
458 457 459
458 457 459
460 461 462
460 461 462
463 461 460
463 461 460
464 465 466
464 465 466
467 465 464
467 465 464
468 469 470
468 469 470
471 469 468
471 469 468
472 473 474
472 473 474
474 473 475
474 473 475
476 477 478
476 477 478
478 477 479
478 477 479
480 481 482
480 481 482
483 481 480
483 481 480
484 485 486
484 485 486
487 485 484
487 485 484
488 489 490
488 489 490
490 489 491
490 489 491
492 493 494
492 493 494
492 494 495
492 494 495
496 497 498
496 497 498
499 497 496
499 497 496
500 501 502
500 501 502
502 501 503
502 501 503
504 505 506
504 505 506
506 505 507
506 505 507
508 509 510
508 509 510
510 509 511
510 509 511
512 513 514
512 513 514
515 513 512
515 513 512
516 517 518
516 517 518
518 517 519
518 517 519
520 521 522
520 521 522
523 521 520
523 521 520
524 525 526
524 525 526
526 525 527
526 525 527
528 529 530
528 529 530
530 529 531
530 529 531
532 533 534
532 533 534
535 533 532
535 533 532
536 537 538
536 537 538
538 537 539
538 537 539
540 541 542
540 541 542
542 541 543
542 541 543
544 545 546
544 545 546
547 545 544
547 545 544
548 549 550
548 549 550
551 549 548
551 549 548
552 553 554
552 553 554
554 553 555
554 553 555
556 557 558
556 557 558
558 557 559
558 557 559
560 561 562
560 561 562
563 561 560
563 561 560
564 565 566
564 565 566
567 565 564
567 565 564
568 569 570
568 569 570
570 569 571
570 569 571
572 573 574
572 573 574
575 573 572
575 573 572
576 577 578
576 577 578
578 577 579
578 577 579
580 581 582
580 581 582
583 581 580
583 581 580
584 585 586
584 585 586
586 585 587
586 585 587
588 589 590
588 589 590
590 589 591
590 589 591
592 593 594
592 593 594
594 593 595
594 593 595
596 597 598
596 597 598
598 597 599
598 597 599
600 601 602
600 601 602
600 602 603
600 602 603
604 605 606
604 605 606
604 606 607
604 606 607
608 609 610
608 609 610
608 610 611
608 610 611
612 613 614
612 613 614
612 614 615
612 614 615
616 617 618
616 617 618
616 618 619
616 618 619
620 621 622
620 621 622
620 622 623
620 622 623
624 625 626
624 625 626
624 626 627
624 626 627
628 629 630
628 629 630
628 630 631
628 630 631
632 633 634
632 633 634
632 634 635
632 634 635
636 637 638
636 637 638
636 638 639
636 638 639
640 641 642
640 641 642
640 642 643
640 642 643
644 645 646
644 645 646
644 646 647
644 646 647
648 649 650
648 649 650
648 650 651
648 650 651
652 653 654
652 653 654
652 654 655
652 654 655
656 657 658
656 657 658
656 658 659
656 658 659
660 661 662
660 661 662
660 662 663
660 662 663
664 665 666
664 665 666
664 666 667
664 666 667
668 669 670
668 669 670
668 670 671
668 670 671
672 673 674
672 673 674
672 674 675
672 674 675
676 677 678
676 677 678
676 678 679
676 678 679
680 681 682
680 681 682
680 682 683
680 682 683
684 685 686
684 685 686
684 686 687
684 686 687
688 689 690
688 689 690
688 690 691
688 690 691
692 693 694
692 693 694
692 694 695
692 694 695
696 697 698
696 697 698
696 698 699
696 698 699
700 701 702
700 701 702
700 702 703
700 702 703
704 705 706
704 705 706
704 706 707
704 706 707
708 709 710
708 709 710
708 710 711
708 710 711
712 713 714
712 713 714
712 714 715
712 714 715
716 717 718
716 717 718
716 718 719
716 718 719
720 721 722
720 721 722
720 722 723
720 722 723
724 725 726
724 725 726
724 726 727
724 726 727
728 729 730
728 729 730
728 730 731
728 730 731
732 733 734
732 733 734
732 734 735
732 734 735
736 737 738
736 737 738
736 738 739
736 738 739
740 741 742
740 741 742
740 742 743
740 742 743
744 745 746
744 745 746
744 746 747
744 746 747
748 749 750
748 749 750
748 750 751
748 750 751
752 753 754
752 753 754
752 754 755
752 754 755
756 757 758
756 757 758
756 758 759
756 758 759
760 761 762
760 761 762
760 762 763
760 762 763
764 765 766
764 765 766
764 766 767
764 766 767
768 769 770
768 769 770
768 770 771
768 770 771
772 773 774
772 773 774
772 774 775
772 774 775
776 777 778
776 777 778
776 778 779
776 778 779
780 781 782
780 781 782
780 782 783
780 782 783
784 785 786
784 785 786
784 786 787
784 786 787
788 789 790
788 789 790
788 790 791
788 790 791
792 793 794
792 793 794
792 794 795
792 794 795
796 797 798
796 797 798
796 798 799
796 798 799
800 801 802
800 801 802
800 802 803
800 802 803
804 805 806
804 805 806
804 806 807
804 806 807
808 809 810
808 809 810
808 810 811
808 810 811
812 813 814
812 813 814
812 814 815
812 814 815
816 817 818
816 817 818
816 818 819
816 818 819
820 821 822
820 821 822
820 822 823
820 822 823
824 825 826
824 825 826
824 826 827
824 826 827
828 829 830
828 829 830
828 830 831
828 830 831
832 833 834
832 833 834
832 834 835
832 834 835
836 837 838
836 837 838
836 838 839
836 838 839
840 841 842
840 841 842
840 842 843
840 842 843
844 845 846
844 845 846
844 846 847
844 846 847
848 849 850
848 849 850
848 850 851
848 850 851
852 853 854
852 853 854
852 854 855
852 854 855
856 857 858
856 857 858
856 858 859
856 858 859
860 861 862
860 861 862
860 862 863
860 862 863
864 865 866
864 865 866
864 866 867
864 866 867
868 869 870
868 869 870
868 870 871
868 870 871
872 873 874
872 873 874
872 874 875
872 874 875
876 877 878
876 877 878
876 878 879
876 878 879
880 881 882
880 881 882
880 882 883
880 882 883
884 885 886
884 885 886
884 886 887
884 886 887
888 889 890
888 889 890
888 890 891
888 890 891
892 893 894
892 893 894
892 894 895
892 894 895
896 897 898
896 897 898
896 898 899
896 898 899
900 901 902
900 901 902
900 902 903
900 902 903
904 905 906
904 905 906
904 906 907
904 906 907
908 909 910
908 909 910
908 910 911
908 910 911
912 913 914
912 913 914
912 914 915
912 914 915
916 917 918
916 917 918
916 918 919
916 918 919
920 921 922
920 921 922
920 922 923
920 922 923
924 925 926
924 925 926
924 926 927
924 926 927
928 929 930
928 929 930
928 930 931
928 930 931
932 933 934
932 933 934
932 934 935
932 934 935
936 937 938
936 937 938
936 938 939
936 938 939
940 941 942
940 941 942
940 942 943
940 942 943
944 945 946
944 945 946
944 946 947
944 946 947
948 949 950
948 949 950
948 950 951
948 950 951
952 953 954
952 953 954
952 954 955
952 954 955
956 957 958
956 957 958
956 958 959
956 958 959
960 961 962
960 961 962
960 962 963
960 962 963
964 965 966
964 965 966
964 966 967
964 966 967
968 969 970
968 969 970
968 970 971
968 970 971
972 973 974
972 973 974
972 974 975
972 974 975
976 977 978
976 977 978
976 978 979
976 978 979
980 981 982
980 981 982
980 982 983
980 982 983
984 985 986
984 985 986
984 986 987
984 986 987
988 989 990
988 989 990
988 990 991
988 990 991
992 993 994
992 993 994
992 994 995
992 994 995
996 997 998
996 997 998
996 998 999
996 998 999
1000 1001 1002
1000 1001 1002
1000 1002 1003
1000 1002 1003
1004 1005 1006
1004 1005 1006
1004 1006 1007
1004 1006 1007
1008 1009 1010
1008 1009 1010
1008 1010 1011
1008 1010 1011
1012 1013 1014
1012 1013 1014
1012 1014 1015
1012 1014 1015
1016 1017 1018
1016 1017 1018
1016 1018 1019
1016 1018 1019
1020 1021 1022
1020 1021 1022
1020 1022 1023
1020 1022 1023
1024 1025 1026
1024 1025 1026
1024 1026 1027
1024 1026 1027
1028 1029 1030
1028 1029 1030
1028 1030 1031
1028 1030 1031
1032 1033 1034
1032 1033 1034
1032 1034 1035
1032 1034 1035
1036 1037 1038
1036 1037 1038
1036 1038 1039
1036 1038 1039
1040 1041 1042
1040 1041 1042
1040 1042 1043
1040 1042 1043
1044 1045 1046
1044 1045 1046
1044 1046 1047
1044 1046 1047
1048 1049 1050
1048 1049 1050
1048 1050 1051
1048 1050 1051
1052 1053 1054
1052 1053 1054
1052 1054 1055
1052 1054 1055
1056 1057 1058
1056 1057 1058
1056 1058 1059
1056 1058 1059
1060 1061 1062
1060 1061 1062
1060 1062 1063
1060 1062 1063
1064 1065 1066
1064 1065 1066
1064 1066 1067
1064 1066 1067
1068 1069 1070
1068 1069 1070
1068 1070 1071
1068 1070 1071
1072 1073 1074
1072 1073 1074
1072 1074 1075
1072 1074 1075
1076 1077 1078
1076 1077 1078
1076 1078 1079
1076 1078 1079
1080 1081 1082
1080 1081 1082
1080 1082 1083
1080 1082 1083
1084 1085 1086
1084 1085 1086
1084 1086 1087
1084 1086 1087
1088 1089 1090
1088 1089 1090
1088 1090 1091
1088 1090 1091
1092 1093 1094
1092 1093 1094
1092 1094 1095
1092 1094 1095
1096 1097 1098
1096 1097 1098
1096 1098 1099
1096 1098 1099
1100 1101 1102
1100 1101 1102
1100 1102 1103
1100 1102 1103
1104 1105 1106
1104 1105 1106
1104 1106 1107
1104 1106 1107
1108 1109 1110
1108 1109 1110
1108 1110 1111
1108 1110 1111
1112 1113 1114
1112 1113 1114
1112 1114 1115
1112 1114 1115
1116 1117 1118
1116 1117 1118
1116 1118 1119
1116 1118 1119
1120 1121 1122
1120 1121 1122
1120 1122 1123
1120 1122 1123
1124 1125 1126
1124 1125 1126
1124 1126 1127
1124 1126 1127
1128 1129 1130
1128 1129 1130
1128 1130 1131
1128 1130 1131
1132 1133 1134
1132 1133 1134
1132 1134 1135
1132 1134 1135
