byte offset: 0
first index: 0
index count: 432
topology: trianglelist
format: DXGI_FORMAT_R16_UINT

0 1 2
0 2 3
2 1 4
2 4 5
6 5 4
6 4 7
8 6 7
8 9 6
10 9 8
10 8 11
12 10 11
12 13 10
14 13 12
14 15 13
16 15 14
16 17 15
18 17 16
18 19 17
19 18 20
19 20 21
20 22 21
20 23 22
22 23 24
22 24 25
24 26 25
24 27 26
28 26 27
28 29 26
30 29 28
30 28 31
32 30 31
32 33 30
34 33 32
34 32 35
36 34 35
36 37 34
38 37 36
38 36 39
38 39 40
38 40 41
40 42 41
40 43 42
42 43 44
42 44 45
44 46 45
44 47 46
46 47 48
46 48 49
50 49 48
50 48 51
52 50 51
52 51 53
54 52 53
54 53 55
56 54 55
56 55 57
58 56 57
58 57 59
60 58 59
60 59 61
61 62 60
61 63 62
62 63 0
62 0 3
53 51 64
51 65 64
53 64 66
53 66 55
57 55 66
67 59 57
67 57 66
67 61 59
68 63 61
68 61 67
68 0 63
1 0 68
1 68 69
4 1 69
4 69 70
4 70 7
8 7 70
11 8 70
11 70 71
12 11 71
72 12 71
72 14 12
72 16 14
72 18 16
72 73 18
73 20 18
23 20 73
23 73 74
24 23 74
27 24 74
27 74 75
28 27 75
31 28 75
31 75 76
32 31 76
32 76 77
32 77 35
77 36 35
77 39 36
77 78 39
78 40 39
78 43 40
78 79 43
44 43 79
47 44 79
47 79 65
48 47 65
51 48 65
76 80 77
78 77 80
79 78 80
76 81 80
81 82 80
83 82 81
84 82 83
85 82 84
86 82 85
80 82 87
79 80 87
65 79 87
87 82 88
88 82 86
65 87 88
68 86 85
68 85 69
70 69 85
71 70 85
71 85 84
72 71 84
72 84 83
72 83 73
74 73 83
75 74 83
75 83 81
76 75 81
67 88 86
68 67 86
67 66 88
66 64 88
65 88 64
