byte offset: 0
first index: 0
index count: 6720
topology: trianglelist
format: DXGI_FORMAT_R16_UINT

0 1 2
0 2 3
1 4 2
1 5 4
6 3 2
6 7 3
5 8 4
5 9 8
9 10 8
9 11 10
12 6 2
12 2 4
11 13 10
11 14 13
15 12 4
15 4 8
14 16 13
14 17 16
18 15 8
18 8 10
17 19 16
17 20 19
21 18 10
21 10 13
22 21 13
22 13 16
23 19 20
23 20 24
25 22 16
25 16 19
26 25 19
26 19 23
27 25 26
27 28 25
28 22 25
28 29 22
29 21 22
30 28 27
30 31 28
31 29 28
31 32 29
33 31 30
33 34 31
34 32 31
34 35 32
36 34 33
36 37 34
37 35 34
37 38 35
39 37 36
39 40 37
40 38 37
40 41 38
42 40 39
42 43 40
43 41 40
43 44 41
45 43 42
45 46 43
46 44 43
46 47 44
48 46 45
48 49 46
49 47 46
50 49 48
50 51 49
49 52 47
51 52 49
53 51 50
53 54 51
51 55 52
54 55 51
56 54 53
56 57 54
54 58 55
57 58 54
59 57 56
59 60 57
57 61 58
60 61 57
62 60 59
62 63 60
60 64 61
63 64 60
65 63 62
65 66 63
63 67 64
68 66 65
68 69 66
70 69 68
70 71 69
72 71 70
72 73 71
74 73 72
74 75 73
76 75 74
76 77 75
78 77 76
78 79 77
80 79 78
80 81 79
82 81 80
82 83 81
84 83 82
84 85 83
86 81 83
85 86 83
86 87 81
87 79 81
88 85 84
88 89 85
90 89 88
90 91 89
85 92 86
89 92 85
93 91 90
93 94 91
89 95 92
91 95 89
96 94 93
96 97 94
91 98 95
94 98 91
99 97 96
99 100 97
94 101 98
97 101 94
102 100 99
102 103 100
97 104 101
100 104 97
105 103 102
105 106 103
100 107 104
103 107 100
103 108 107
109 106 105
109 110 106
111 110 109
111 112 110
113 112 111
113 114 112
115 114 113
115 116 114
117 116 115
117 118 116
119 118 117
119 120 118
121 120 119
121 122 120
123 122 121
123 124 122
125 124 123
125 126 124
127 122 124
126 127 124
127 128 122
128 120 122
129 126 125
129 130 126
131 130 129
131 132 130
126 133 127
130 133 126
134 132 131
134 135 132
130 136 133
132 136 130
137 135 134
137 138 135
132 139 136
135 139 132
140 138 137
140 141 138
135 142 139
138 142 135
143 141 140
143 144 141
138 145 142
141 145 138
146 144 143
146 147 144
141 148 145
144 148 141
144 149 148
150 147 146
150 151 147
152 151 150
152 153 151
154 153 152
154 155 153
156 155 154
156 157 155
158 157 156
158 159 157
160 159 158
160 161 159
162 161 160
162 163 161
164 163 162
164 165 163
166 165 164
166 167 165
168 163 165
167 168 165
168 169 163
169 161 163
170 167 166
170 171 167
172 171 170
172 173 171
167 174 168
171 174 167
175 173 172
175 176 173
171 177 174
173 177 171
178 176 175
178 179 176
173 180 177
176 180 173
181 179 178
181 182 179
176 183 180
179 183 176
184 182 181
184 185 182
179 186 183
182 186 179
187 185 184
187 184 188
182 189 186
185 189 182
185 190 189
191 190 185
191 185 187
192 190 191
192 193 190
194 189 190
194 190 193
194 186 189
195 193 192
195 196 193
197 194 193
197 193 196
198 196 195
198 199 196
200 197 196
200 196 199
201 199 198
201 202 199
203 200 199
203 199 202
204 202 201
204 205 202
206 203 202
206 202 205
207 205 204
207 208 205
209 206 205
209 205 208
207 210 208
210 209 208
207 211 210
210 212 209
213 210 211
213 212 210
213 211 214
215 213 214
215 214 216
217 215 216
217 216 218
219 217 218
219 218 220
221 219 220
221 220 222
223 221 222
223 222 224
225 223 224
226 223 225
227 226 225
226 228 223
228 229 223
221 230 219
221 231 230
223 229 231
223 231 221
219 230 232
219 232 217
217 232 233
232 234 233
233 234 235
233 235 236
215 233 236
217 233 215
215 236 213
213 236 212
212 236 235
212 235 237
212 237 238
212 238 209
209 238 239
209 239 206
206 239 240
206 240 203
203 240 241
203 241 200
200 241 242
200 242 197
197 242 243
197 243 194
194 243 186
243 183 186
243 244 183
244 180 183
244 245 180
245 177 180
245 246 177
246 174 177
246 247 174
247 168 174
247 248 168
168 248 249
168 249 169
169 249 250
169 250 251
169 251 161
251 159 161
251 252 159
252 157 159
252 253 157
251 250 254
251 254 252
253 155 157
253 255 155
252 254 256
252 256 253
255 153 155
255 257 153
253 256 258
253 258 255
257 151 153
257 259 151
255 258 260
255 260 257
260 259 257
260 261 259
262 151 259
261 262 259
262 147 151
261 263 262
262 144 147
262 149 144
149 262 263
149 263 264
149 264 265
149 265 148
148 265 266
148 266 145
145 266 267
145 267 142
142 267 268
142 268 139
139 268 269
139 269 136
136 269 270
136 270 133
133 270 271
133 271 127
127 271 272
127 272 128
128 272 273
128 273 274
128 274 120
274 118 120
274 275 118
275 116 118
275 276 116
274 273 277
274 277 275
276 114 116
276 278 114
275 277 279
275 279 276
278 112 114
278 280 112
276 279 281
276 281 278
280 110 112
280 282 110
278 281 283
278 283 280
283 282 280
283 284 282
285 110 282
284 285 282
285 106 110
284 286 285
285 103 106
285 108 103
108 285 286
108 286 287
108 287 288
108 288 107
107 288 289
107 289 104
104 289 290
104 290 101
101 290 291
101 291 98
98 291 292
98 292 95
95 292 293
95 293 92
92 293 294
92 294 86
86 294 295
86 295 87
87 295 296
87 296 297
87 297 79
297 77 79
297 298 77
298 75 77
298 299 75
297 296 300
297 300 298
299 73 75
299 301 73
298 300 302
298 302 299
301 71 73
301 303 71
299 302 304
299 304 301
303 69 71
303 305 69
301 304 306
301 306 303
306 305 303
306 307 305
308 69 305
307 308 305
308 66 69
307 309 308
308 63 66
308 67 63
67 308 309
67 309 310
67 310 311
67 311 64
64 311 312
64 312 61
61 312 313
61 313 58
58 313 314
58 314 55
55 314 315
55 315 52
52 315 316
52 316 47
47 316 317
47 317 44
317 41 44
317 318 41
318 38 41
318 319 38
319 35 38
319 320 35
320 32 35
320 321 32
321 29 32
321 322 29
29 322 21
322 18 21
322 323 18
321 323 322
323 15 18
323 324 15
324 12 15
324 325 12
325 6 12
325 326 6
326 7 6
326 327 7
7 327 328
7 328 329
7 329 330
7 330 3
329 331 330
329 332 331
332 333 331
332 334 333
329 328 335
329 335 332
334 336 333
334 337 336
332 335 338
332 338 334
337 339 336
337 340 339
334 338 341
334 341 337
340 342 339
340 343 342
337 341 344
337 344 340
343 345 342
343 346 345
340 344 347
340 347 343
345 346 348
346 349 348
349 350 348
351 348 350
351 350 352
352 353 351
354 351 353
354 353 355
356 354 355
356 355 357
358 356 357
358 357 359
360 358 359
360 359 361
362 360 361
362 361 363
364 362 363
364 363 365
366 364 365
366 365 367
368 369 352
368 370 369
368 349 370
346 371 349
346 372 371
343 372 346
343 347 372
349 371 373
372 373 371
372 374 373
347 375 372
372 375 374
347 376 375
344 376 347
344 377 376
377 378 376
377 379 378
380 377 344
380 344 341
381 380 341
381 341 338
382 381 338
382 338 335
383 382 335
383 335 328
384 383 328
384 328 327
326 384 327
326 385 384
325 385 326
325 386 385
324 386 325
324 387 386
388 385 386
388 389 385
323 387 324
323 390 387
391 388 386
391 386 387
321 390 323
320 390 321
320 392 390
392 391 387
392 387 390
391 393 388
391 394 393
392 394 391
388 393 395
388 395 389
385 389 396
389 395 397
389 397 396
396 397 398
396 398 399
396 399 383
396 383 384
385 396 384
399 382 383
399 400 382
400 381 382
400 401 381
399 398 402
399 402 400
401 380 381
401 403 380
400 402 404
400 404 401
403 377 380
403 379 377
401 404 405
401 405 403
405 379 403
405 406 379
406 378 379
406 407 378
404 408 405
404 409 408
402 409 404
402 410 409
398 410 402
398 411 410
397 411 398
397 412 411
395 412 397
395 413 412
414 413 395
414 395 393
394 414 393
394 415 414
416 415 394
416 394 417
392 417 394
319 417 392
319 392 320
318 416 417
318 417 319
317 416 318
317 418 416
418 415 416
418 419 415
419 414 415
316 418 317
316 420 418
420 419 418
420 421 419
315 420 316
315 422 420
422 421 420
314 422 315
314 423 422
313 423 314
313 424 423
312 424 313
312 425 424
311 425 312
311 426 425
310 426 311
310 427 426
309 427 310
309 428 427
307 428 309
307 429 428
427 430 426
430 425 426
427 431 430
306 429 307
306 432 429
304 432 306
304 433 432
302 433 304
302 434 433
300 434 302
300 435 434
296 435 300
296 436 435
295 436 296
295 437 436
294 437 295
294 438 437
293 438 294
293 439 438
292 439 293
292 440 439
291 440 292
291 441 440
290 441 291
290 442 441
289 442 290
289 443 442
288 443 289
288 444 443
287 444 288
287 445 444
444 446 443
444 447 446
445 447 444
287 448 445
287 286 448
445 449 447
448 449 445
448 450 449
284 448 286
284 451 448
451 450 448
283 451 284
283 452 451
281 452 283
281 453 452
453 454 452
453 455 454
279 453 281
279 456 453
277 456 279
277 457 456
273 457 277
273 458 457
272 458 273
272 459 458
271 459 272
271 460 459
270 460 271
270 461 460
269 461 270
269 462 461
268 462 269
268 463 462
267 463 268
267 464 463
266 464 267
266 465 464
265 465 266
265 466 465
264 466 265
264 467 466
466 468 465
466 469 468
467 469 466
264 470 467
264 263 470
467 471 469
261 470 263
261 472 470
260 472 261
260 473 472
258 473 260
258 474 473
256 474 258
256 475 474
475 476 474
475 477 476
254 475 256
254 478 475
250 478 254
250 479 478
249 479 250
249 480 479
248 480 249
248 481 480
247 481 248
247 482 481
246 482 247
246 483 482
484 480 481
482 484 481
484 485 480
485 479 480
245 483 246
245 486 483
482 487 484
483 487 482
244 486 245
244 488 486
483 489 487
486 489 483
243 488 244
243 242 488
486 490 489
242 491 488
491 490 486
491 486 488
242 241 491
492 491 241
492 490 491
492 241 240
493 492 240
493 240 239
238 493 239
238 494 493
494 495 493
494 496 495
493 495 497
493 497 492
492 497 490
497 489 490
497 498 489
498 487 489
498 499 487
499 484 487
499 500 484
500 485 484
500 501 485
485 501 502
485 502 503
485 503 479
503 478 479
503 504 478
504 475 478
504 477 475
503 502 505
503 505 504
504 505 506
504 506 477
506 476 477
506 507 476
507 508 476
508 474 476
508 473 474
507 509 508
508 472 473
508 510 472
509 510 508
509 511 510
512 472 510
512 510 511
512 470 472
507 513 509
507 514 513
506 514 507
506 515 514
505 515 506
505 516 515
516 517 515
516 518 517
519 514 515
519 515 517
520 518 516
520 521 518
502 520 516
502 516 505
501 520 502
501 522 520
500 522 501
500 523 522
499 523 500
499 524 523
498 524 499
498 525 524
497 525 498
497 495 525
526 524 525
495 526 525
526 527 524
527 523 524
495 496 526
528 526 496
528 527 526
528 496 529
494 529 496
494 530 529
238 530 494
238 237 530
235 530 237
235 531 530
531 529 530
532 531 235
532 235 234
533 532 234
533 234 534
232 534 234
230 534 232
230 535 534
230 536 535
230 231 536
537 533 534
537 534 535
536 537 535
536 538 537
539 536 231
539 538 536
539 231 229
540 539 229
541 540 229
541 229 228
226 541 228
542 541 226
543 540 541
543 539 540
543 544 539
539 545 538
544 545 539
544 543 546
546 545 544
546 547 545
547 546 548
549 548 546
549 546 543
547 550 545
550 538 545
548 550 547
550 551 538
548 552 550
553 552 548
553 554 552
552 554 550
554 551 550
553 555 554
554 556 551
551 537 538
551 557 537
537 557 558
537 558 533
533 558 559
533 559 532
532 559 560
532 560 531
531 560 529
560 528 529
560 561 528
559 561 560
559 562 561
558 562 559
558 563 562
557 563 558
557 564 563
551 556 564
551 564 557
565 563 564
565 566 563
566 562 563
556 565 564
556 567 565
554 567 556
554 568 567
555 568 554
569 568 555
555 570 569
569 571 568
572 567 568
571 572 568
572 573 567
573 565 567
571 569 574
574 572 571
575 574 569
575 569 570
574 576 572
573 577 565
573 578 577
573 579 578
572 579 573
577 578 580
577 580 581
565 577 581
565 581 566
581 582 566
566 582 562
581 583 582
582 561 562
582 584 561
582 583 585
582 585 584
584 528 561
584 586 528
584 585 587
584 587 586
583 588 585
583 589 588
581 580 589
581 589 583
528 586 527
586 587 590
586 590 527
527 590 523
590 522 523
590 591 522
587 591 590
587 592 591
585 588 592
585 592 587
591 520 522
591 521 520
591 592 593
591 593 521
588 593 592
588 594 593
595 594 588
595 588 589
580 595 589
580 596 595
596 597 595
597 594 595
596 598 597
597 599 594
596 600 598
596 601 600
580 601 596
580 578 601
578 602 601
578 579 602
603 602 579
603 579 604
572 604 579
576 604 572
605 604 576
605 606 604
606 603 604
606 605 607
607 603 606
607 608 603
609 602 603
608 609 603
609 610 602
610 600 601
610 601 602
608 607 611
611 609 608
612 611 607
612 607 605
611 613 609
613 611 614
613 615 609
615 610 609
614 615 613
615 616 610
614 617 615
610 616 618
610 618 600
600 618 619
600 619 598
619 597 598
619 620 597
618 621 619
618 622 621
619 621 623
619 623 620
624 623 621
624 625 623
626 624 621
626 621 622
618 616 627
618 627 622
615 627 616
615 628 627
629 626 622
629 622 627
628 629 627
617 628 615
628 630 629
631 630 628
632 631 628
632 628 617
617 614 632
633 632 614
634 631 632
634 630 631
634 635 630
636 635 634
637 636 634
637 634 632
635 638 630
638 629 630
636 638 635
638 639 629
636 640 638
629 639 641
629 641 626
626 641 642
626 642 624
642 625 624
642 643 625
641 644 642
644 643 642
641 645 644
639 645 641
644 646 643
646 647 643
646 648 647
644 649 646
649 648 646
644 650 649
645 650 644
649 651 648
645 652 650
653 649 650
653 654 649
654 651 649
655 653 650
655 650 652
645 656 652
645 657 656
639 657 645
638 657 639
638 658 657
640 658 638
659 658 640
659 660 658
661 656 657
661 657 658
660 661 658
662 660 659
662 661 660
662 663 661
664 656 661
663 664 661
664 665 656
665 655 652
665 652 656
666 663 662
666 664 663
667 666 662
667 662 659
666 668 664
669 668 666
668 670 664
670 665 664
669 670 668
670 671 665
669 672 670
665 671 673
665 673 655
655 673 674
655 674 653
653 674 675
653 675 654
654 675 676
654 676 677
654 677 651
651 677 678
651 678 679
651 679 680
651 680 648
648 680 681
648 681 647
647 681 682
647 682 683
683 643 647
683 625 643
683 623 625
683 684 623
683 682 685
683 685 684
684 620 623
684 686 620
686 597 620
686 599 597
684 685 687
684 687 686
682 519 685
682 688 519
681 688 682
681 689 688
685 519 517
685 517 687
690 599 686
690 686 687
518 690 687
518 687 517
521 690 518
521 593 690
594 599 690
594 690 593
688 514 519
688 513 514
689 513 688
689 691 513
691 509 513
691 511 509
691 692 511
691 693 692
689 693 691
512 511 692
512 692 694
512 694 471
512 471 467
512 467 470
471 694 695
471 695 469
692 693 696
692 696 694
696 695 694
696 697 695
696 698 697
696 699 698
693 699 696
693 700 699
697 701 695
697 702 701
698 702 697
695 701 468
695 468 469
689 700 693
681 700 689
681 680 700
680 699 700
680 679 699
679 698 699
679 678 698
678 703 698
698 703 702
678 704 703
677 704 678
677 676 704
705 704 676
705 706 704
706 703 704
707 705 676
707 676 675
674 707 675
674 708 707
673 708 674
673 709 708
709 710 708
710 707 708
709 711 710
671 709 673
671 712 709
670 712 671
670 713 712
672 713 670
714 713 672
714 715 713
669 714 672
716 714 669
717 712 713
715 717 713
717 718 712
718 711 709
718 709 712
719 717 715
714 719 715
714 720 719
719 721 717
718 722 711
718 723 722
724 723 718
724 718 717
721 724 717
725 724 721
719 725 721
725 726 724
727 722 723
724 727 723
727 728 722
724 729 727
726 729 724
725 730 726
730 729 726
731 730 725
731 725 719
730 732 729
732 733 729
733 727 729
733 734 727
735 733 732
730 735 732
730 736 735
735 737 733
727 734 738
727 738 728
728 738 739
728 739 740
722 728 740
722 740 741
722 741 710
722 710 711
739 742 740
739 743 742
744 739 738
734 744 738
744 745 739
745 743 739
734 746 744
733 746 734
733 747 746
737 747 733
748 744 746
747 748 746
748 749 744
747 750 748
751 750 747
752 751 747
752 747 737
735 752 737
751 752 753
753 750 751
754 753 752
754 752 735
753 755 750
756 748 750
755 756 750
756 757 748
755 753 758
758 756 755
758 759 756
748 757 760
748 760 749
760 761 749
760 762 761
763 760 757
756 763 757
763 764 760
764 762 760
756 765 763
759 765 756
766 765 759
759 758 766
767 766 758
767 758 753
766 768 765
768 769 765
769 763 765
769 770 763
771 769 768
766 771 768
766 772 771
771 773 769
763 770 774
763 774 764
764 775 762
762 776 761
762 777 776
777 778 776
779 776 778
761 776 779
761 779 745
744 761 745
744 749 761
745 779 743
743 779 780
779 778 780
743 780 781
743 781 782
743 782 742
742 782 783
742 783 784
784 740 742
784 741 740
710 741 784
710 784 785
785 784 783
710 785 707
785 705 707
785 786 705
785 783 786
786 706 705
786 787 706
783 787 786
783 788 787
782 788 783
782 789 788
781 789 782
781 790 789
789 790 791
791 790 792
780 792 790
780 790 781
778 792 780
778 793 792
778 794 793
778 795 794
777 795 778
793 796 792
791 792 796
793 797 796
789 791 798
789 798 799
789 799 788
788 799 800
791 801 798
799 798 801
791 802 801
799 801 803
796 797 804
796 804 805
791 796 805
791 805 802
793 794 806
793 806 797
797 806 807
797 807 804
808 806 794
808 809 806
809 807 806
810 808 794
810 794 795
777 810 795
777 811 810
762 811 777
762 775 811
812 811 775
764 812 775
764 774 812
812 813 811
813 810 811
813 814 810
814 808 810
814 815 808
815 809 808
815 816 809
814 817 815
814 818 817
813 818 814
815 817 819
815 819 816
813 820 818
812 820 813
812 821 820
774 821 812
774 822 821
770 822 774
770 823 822
769 823 770
769 824 823
773 824 769
825 824 773
825 826 824
773 771 825
827 823 824
826 827 824
827 828 823
828 822 823
826 825 829
829 827 826
830 829 825
830 825 771
829 831 827
828 832 822
832 821 822
832 833 821
833 820 821
833 834 820
834 818 820
834 835 818
835 817 818
835 836 817
834 837 835
834 838 837
833 838 834
833 839 838
832 839 833
832 840 839
828 840 832
828 841 840
827 841 828
827 842 841
831 842 827
843 842 831
843 844 842
831 829 843
845 841 842
844 845 842
845 846 841
846 840 841
844 843 847
847 845 844
848 847 843
848 843 829
847 849 845
846 850 840
850 839 840
850 851 839
851 838 839
851 852 838
850 853 851
850 854 853
846 854 850
851 853 855
851 855 852
846 856 854
845 856 846
845 857 856
849 857 845
858 857 849
849 847 858
858 859 857
860 856 857
859 860 857
860 861 856
861 854 856
862 859 858
862 860 859
863 862 858
862 864 860
861 865 854
865 853 854
865 866 853
855 853 866
867 865 861
860 867 861
867 868 865
868 866 865
860 869 867
864 869 860
868 870 866
871 869 864
871 864 862
871 872 869
873 872 871
874 873 871
874 871 862
872 875 869
875 867 869
873 875 872
875 876 867
873 877 875
867 876 878
867 878 868
878 870 868
878 879 870
880 878 876
875 880 876
880 881 878
881 879 878
875 882 880
877 882 875
883 882 877
873 883 877
883 884 882
873 885 883
886 884 883
884 887 882
887 880 882
886 887 884
887 888 880
886 889 887
880 888 890
880 890 881
881 891 879
891 892 879
891 893 892
881 890 894
881 894 891
894 893 891
894 895 893
896 894 890
888 896 890
896 897 894
888 898 896
887 898 888
887 899 898
889 899 887
900 899 889
900 889 886
901 900 886
900 902 899
903 898 899
902 903 899
903 904 898
904 896 898
905 902 900
905 903 902
905 906 903
904 907 896
907 897 896
907 908 897
909 907 904
909 910 907
911 909 904
911 904 903
906 911 903
912 911 906
905 912 906
913 912 905
913 905 900
912 914 911
912 915 914
914 916 911
916 909 911
915 916 914
916 917 909
915 918 916
909 917 919
909 919 910
919 920 910
907 910 920
907 920 908
919 921 920
922 919 917
916 922 917
922 923 919
923 921 919
916 924 922
918 924 916
925 924 918
915 925 918
926 925 915
926 915 912
925 927 924
927 928 924
928 922 924
928 929 922
930 928 927
925 930 927
925 931 930
930 932 928
922 929 933
922 933 923
923 934 921
921 935 920
921 936 935
936 937 935
936 938 937
939 938 936
921 934 939
921 939 936
939 940 938
941 939 934
941 942 939
942 940 939
923 933 941
923 941 934
943 941 933
943 944 941
944 942 941
929 943 933
929 945 943
946 943 945
947 946 945
947 948 946
946 949 943
949 944 943
950 948 947
951 950 947
951 947 932
932 947 928
928 947 945
928 945 929
930 951 932
950 951 952
952 948 950
953 952 951
953 951 930
952 954 948
946 955 949
946 956 955
948 956 946
949 955 957
949 957 958
949 958 944
959 957 955
956 959 955
959 960 957
956 961 959
954 952 962
962 963 954
948 963 956
954 963 948
962 964 963
965 961 956
965 956 963
964 965 963
964 962 966
966 965 964
967 966 962
966 968 965
968 969 965
965 969 970
965 970 961
970 959 961
968 966 971
971 969 968
970 972 959
971 973 969
974 970 969
973 974 969
974 975 970
975 972 970
973 971 976
976 974 973
977 976 971
977 971 966
976 978 974
975 979 972
980 975 974
978 980 974
980 981 975
982 980 978
976 982 978
976 983 982
982 984 980
984 982 985
984 986 980
986 981 980
985 986 984
986 987 981
985 988 986
989 987 986
988 989 986
989 990 987
988 985 991
991 989 988
992 991 985
992 985 982
991 993 989
987 994 981
975 981 994
975 994 979
987 995 994
990 995 987
990 996 995
995 997 994
995 998 997
995 996 999
995 999 998
994 997 1000
994 1000 979
998 1001 997
998 1002 1001
1003 1000 997
1003 997 1001
1004 1000 1003
1004 979 1000
1004 1003 1005
1004 972 979
1004 959 972
1004 960 959
1004 1005 1006
1004 1006 960
960 1006 1007
960 1007 957
1003 1008 1005
1006 1005 1008
1003 1009 1008
1006 1008 1010
1003 1001 1011
1003 1011 1009
1006 1010 1012
1006 1012 1007
958 957 1007
958 1007 1013
958 1013 1014
958 1014 944
944 1014 942
942 1014 1015
1013 1015 1014
942 1015 1016
942 1016 940
1016 1017 940
1016 1018 1017
1015 1018 1016
1017 938 940
1017 1019 938
1013 1020 1015
1007 1012 1020
1007 1020 1013
1020 1012 1021
1010 1021 1012
1010 1022 1021
1020 1021 1023
1010 1024 1022
1010 1008 1024
1020 1023 1025
1020 1025 1015
1015 1025 1018
1023 1026 1025
1023 1027 1026
1023 1021 1028
1023 1028 1027
1029 1025 1026
1029 1018 1025
1027 1030 1026
1027 1031 1030
1028 1031 1027
1028 1032 1031
1032 1033 1031
1032 1034 1033
1035 1032 1028
1021 1035 1028
1021 1022 1035
1035 1036 1032
1036 1034 1032
1022 1037 1035
1037 1036 1035
1022 1024 1037
1038 1037 1024
1008 1038 1024
1008 1009 1038
1038 1039 1037
1009 1040 1038
1009 1011 1040
1041 1040 1011
1001 1041 1011
1001 1002 1041
1041 1042 1040
1002 1043 1041
1002 1044 1043
998 1044 1002
998 999 1044
1037 1039 1045
1039 1046 1045
1046 1047 1045
1048 1045 1047
1037 1045 1048
1037 1048 1036
1048 1049 1036
1036 1049 1034
1048 1050 1049
1048 1047 1050
1049 1051 1034
1049 431 1051
1049 1050 430
1049 430 431
1052 1034 1051
1052 1033 1034
427 1051 431
427 428 1051
429 1052 1051
429 1051 428
432 1052 429
432 1053 1052
1053 1033 1052
1053 1054 1033
1054 1031 1033
1054 1030 1031
1054 1055 1030
1055 1026 1030
1055 1029 1026
1054 1056 1055
1053 1056 1054
1055 1057 1029
1055 1058 1057
1057 1018 1029
1057 1017 1018
1059 1057 1058
1059 1060 1057
1053 1061 1056
1062 1058 1055
1062 1055 1056
433 1061 1053
433 1053 432
1063 1062 1056
1063 1056 1061
434 1063 1061
434 1061 433
435 1063 434
435 1064 1063
1064 1062 1063
1064 1065 1062
1065 1059 1058
1065 1058 1062
436 1064 435
436 1066 1064
1066 1065 1064
1066 1067 1065
437 1066 436
437 1068 1066
1068 1067 1066
1068 1069 1067
438 1068 437
438 1070 1068
1070 1069 1068
1070 1071 1069
439 1070 438
439 1072 1070
1072 1071 1070
1072 1073 1071
440 1072 439
440 1074 1072
441 1074 440
441 1075 1074
442 1075 441
442 1076 1075
443 1076 442
443 446 1076
446 1077 1076
1077 1075 1076
446 1078 1077
447 1078 446
447 1079 1078
1078 1080 1077
1078 1081 1080
1079 1081 1078
1079 1082 1081
1077 1083 1075
1083 1074 1075
1077 1080 1084
1077 1084 1083
1083 1085 1074
1083 1084 1086
1083 1086 1085
1085 1072 1074
1085 1073 1072
1085 1086 1087
1085 1087 1073
1087 1071 1073
1087 1088 1071
1088 1069 1071
1088 1089 1069
1089 1067 1069
1089 1090 1067
1090 1065 1067
1090 1059 1065
1090 1060 1059
1090 1091 1060
1089 1091 1090
1089 1092 1091
1088 1092 1089
1088 1093 1092
1087 1093 1088
1087 1094 1093
1093 1095 1092
1095 1091 1092
1093 1096 1095
1094 1096 1093
1095 1097 1091
1094 1098 1096
1091 1097 1019
1091 1019 1060
1095 937 1097
1095 1099 937
1096 1099 1095
1096 1100 1099
938 1019 1097
938 1097 937
1099 935 937
1099 1101 935
1100 1101 1099
920 935 1101
920 1101 908
1100 1102 1101
1102 908 1101
1102 897 908
1100 895 1102
1100 1103 895
1096 1098 1103
1096 1103 1100
1102 895 894
1102 894 897
895 1103 1104
895 1104 893
1105 1104 1103
1105 1103 1098
1106 1105 1098
1106 1098 1094
1086 1106 1094
1086 1094 1087
1084 1106 1086
1084 1107 1106
1080 1107 1084
1080 1108 1107
1081 1108 1080
1081 1109 1108
1082 1109 1081
1082 1110 1109
1111 1110 1082
1111 1082 1112
1111 1112 1113
1111 1113 1114
1115 1114 1113
836 1114 1115
817 836 1115
817 1115 819
819 1115 1116
1115 1113 1116
819 1116 1117
819 1117 1118
1117 1119 1118
1118 1119 1120
1121 1120 1119
1121 1119 455
453 1121 455
453 456 1121
457 1121 456
457 1122 1121
1122 1120 1121
1122 1123 1120
458 1122 457
458 1124 1122
1124 1123 1122
1124 1125 1123
459 1124 458
459 1126 1124
1126 1125 1124
1126 1127 1125
460 1126 459
460 1128 1126
1128 1127 1126
1128 1129 1127
461 1128 460
461 1130 1128
1130 1129 1128
1130 1131 1129
462 1130 461
462 1132 1130
463 1132 462
463 1133 1132
464 1133 463
464 1134 1133
465 1134 464
465 468 1134
468 1135 1134
1135 1133 1134
468 701 1135
702 1135 701
702 1136 1135
1137 1136 702
1137 702 703
706 1137 703
787 1137 706
787 800 1137
800 1136 1137
788 800 787
800 1138 1136
1138 1135 1136
1138 1139 1135
799 1138 800
799 803 1138
803 1139 1138
803 1140 1139
1135 1139 1133
1139 1140 1132
1139 1132 1133
803 1131 1140
803 801 1131
1140 1131 1130
1140 1130 1132
802 1131 801
802 1129 1131
802 1127 1129
802 805 1127
804 1127 805
804 1125 1127
807 1125 804
807 1123 1125
807 1120 1123
807 1141 1120
809 1141 807
809 1118 1141
1118 1120 1141
809 816 1118
819 1118 816
1142 1143 1144
1142 1144 1145
373 1146 1147
373 374 1146
375 1146 374
375 1148 1146
1146 1148 1149
375 1150 1148
1150 1149 1148
376 1150 375
376 378 1150
1150 1151 1149
1150 1152 1151
407 1152 1150
407 1150 378
1152 1153 1151
1149 1151 1153
1149 1153 1154
1149 1154 1146
1152 1155 1153
1153 1155 1156
1152 1157 1155
407 1157 1152
1157 1156 1155
407 1158 1157
406 1158 407
406 1159 1158
1157 1160 1156
1158 1161 1157
1157 1161 1160
1158 1162 1161
1162 1158 1159
1156 1160 1163
1161 1163 1160
1156 1163 1164
1156 1164 1153
1161 1165 1163
1163 1165 1166
1161 1167 1165
1167 1166 1165
1167 993 1166
993 991 1166
1166 991 1168
1166 1168 1163
993 1167 989
1167 990 989
1167 1169 990
1161 1162 1169
1161 1169 1167
1169 996 990
1169 1170 996
1162 1170 1169
1170 999 996
1170 1171 999
1162 1172 1170
1172 1171 1170
1172 1173 1171
1159 1173 1172
1162 1159 1172
1159 408 1173
405 408 1159
405 1159 406
1174 1173 408
1174 408 409
1175 1174 409
1175 409 410
1176 1175 410
1176 410 411
1177 1176 411
1177 411 412
1178 1177 412
1178 412 413
414 1178 413
414 1179 1178
1180 1177 1178
1180 1178 1179
1180 1181 1177
1181 1176 1177
1181 1182 1176
1182 1175 1176
419 1179 414
1180 1179 1183
419 1183 1179
1184 1180 1183
1184 1181 1180
1184 1183 1185
1186 1185 1183
1186 1183 421
419 421 1183
422 1186 421
423 1186 422
423 1187 1186
1187 1185 1186
424 1187 423
424 1188 1187
425 1188 424
425 1189 1188
1187 1190 1185
1188 1190 1187
430 1189 425
1188 1191 1190
1189 1191 1188
1189 1047 1191
1050 1047 1189
1050 1189 430
1046 1191 1047
1046 1190 1191
1046 1192 1190
1193 1192 1046
1039 1193 1046
1038 1193 1039
1038 1040 1193
1040 1194 1193
1193 1194 1192
1040 1042 1194
1192 1185 1190
1192 1184 1185
1192 1194 1195
1192 1195 1184
1184 1195 1181
1196 1181 1195
1194 1042 1196
1194 1196 1195
1196 1182 1181
1041 1196 1042
1041 1043 1196
1043 1182 1196
1043 1197 1182
1182 1197 1175
1197 1174 1175
1197 1198 1174
1044 1198 1197
1044 1197 1043
1198 1173 1174
1198 1171 1173
999 1171 1198
999 1198 1044
574 1199 605
574 605 576
636 1200 659
636 659 640
1057 1060 1019
1057 1019 1017
447 449 1201
447 1201 1079
1202 1201 449
1113 1201 1202
1113 1202 1203
1203 1202 450
1202 449 450
1203 450 1204
451 1204 450
452 1204 451
452 454 1204
1205 1203 1204
1205 1204 454
1205 454 455
1205 455 1119
1117 1205 1119
1117 1203 1205
1117 1116 1203
1113 1203 1116
1113 1112 1201
1112 1079 1201
1112 1082 1079
835 837 1206
835 1206 836
836 1206 1114
1206 1111 1114
1206 1207 1111
1111 1207 1208
1111 1208 1110
1110 1208 1209
1110 1209 1109
1209 1108 1109
1209 1210 1108
1206 837 1211
1206 1211 1207
1211 1208 1207
1211 1212 1208
1212 1209 1208
838 1211 837
838 852 1211
852 1212 1211
852 855 1212
1212 1213 1209
1213 1210 1209
1213 1214 1210
1210 1107 1108
1210 1215 1107
1215 1106 1107
1215 1105 1106
1215 1104 1105
1215 1216 1104
1210 1214 1216
1210 1216 1215
1216 893 1104
1216 892 893
1214 892 1216
1214 1217 892
1213 1217 1214
1217 879 892
1217 870 879
1213 1218 1217
1212 855 1218
1212 1218 1213
855 866 1218
1217 1218 866
1217 866 870
553 548 1219
543 541 1220
967 962 952
901 886 883
863 858 847
716 669 666
633 614 611
542 226 227
373 1147 349
