stride: 60
first vertex: 595
vertex count: 48
topology: trianglelist
element[0]:
  SemanticName: POSITION
  SemanticIndex: 0
  Format: R32G32B32_FLOAT
  InputSlot: 0
  AlignedByteOffset: 0
  InputSlotClass: per-vertex
  InstanceDataStepRate: 0
element[1]:
  SemanticName: NORMAL
  SemanticIndex: 0
  Format: R8G8B8A8_UNORM
  InputSlot: 0
  AlignedByteOffset: 0
  InputSlotClass: per-vertex
  InstanceDataStepRate: 0
element[2]:
  SemanticName: COLOR
  SemanticIndex: 0
  Format: R8G8B8A8_UNORM
  InputSlot: 0
  AlignedByteOffset: 24
  InputSlotClass: per-vertex
  InstanceDataStepRate: 0
element[3]:
  SemanticName: TEXCOORD
  SemanticIndex: 0
  Format: R32G32B32A32_FLOAT
  InputSlot: 0
  AlignedByteOffset: 28
  InputSlotClass: per-vertex
  InstanceDataStepRate: 0
element[4]:
  SemanticName: TEXCOORD
  SemanticIndex: 1
  Format: R32G32B32A32_FLOAT
  InputSlot: 0
  AlignedByteOffset: 44
  InputSlotClass: per-vertex
  InstanceDataStepRate: 0
element[5]:
  SemanticName: TEXCOORD
  SemanticIndex: 2
  Format: R8G8B8A8_UNORM
  InputSlot: 0
  AlignedByteOffset: 0
  InputSlotClass: per-vertex
  InstanceDataStepRate: 0
element[6]:
  SemanticName: TEXCOORD
  SemanticIndex: 3
  Format: R8G8B8A8_UNORM
  InputSlot: 0
  AlignedByteOffset: 0
  InputSlotClass: per-vertex
  InstanceDataStepRate: 0
element[7]:
  SemanticName: TANGENT
  SemanticIndex: 0
  Format: R8G8B8A8_UNORM
  InputSlot: 0
  AlignedByteOffset: 0
  InputSlotClass: per-vertex
  InstanceDataStepRate: 0

vertex-data:

vb0[0]+000 POSITION: -4104.2749, 2124.51465, -2870.00537
vb0[0]+000 NORMAL: 0.200000003, 0.258823544, 0.501960814, 0.772549033
vb0[0]+024 COLOR: 0, 0, 0.0980392173, 0.0980392173
vb0[0]+028 TEXCOORD: 1.00000012, 1.00000012, 1.00000012, 1.00000012
vb0[0]+044 TEXCOORD1: 210.630661, 31.2024212, 0.400000006, 0.600000024
vb0[0]+000 TEXCOORD2: 0.200000003, 0.258823544, 0.501960814, 0.772549033
vb0[0]+000 TEXCOORD3: 0.200000003, 0.258823544, 0.501960814, 0.772549033
vb0[0]+000 TANGENT: 0.200000003, 0.258823544, 0.501960814, 0.772549033

vb0[1]+000 POSITION: -4246.03369, 849.158081, -2922.08276
vb0[1]+000 NORMAL: 0.270588249, 0.690196097, 0.517647088, 0.772549033
vb0[1]+024 COLOR: 0, 0, 0.0980392173, 0.0980392173
vb0[1]+028 TEXCOORD: 1.00000012, 0, 1.00000012, 0
vb0[1]+044 TEXCOORD1: 210.630661, 31.2024212, 0.400000006, 0.600000024
vb0[1]+000 TEXCOORD2: 0.270588249, 0.690196097, 0.517647088, 0.772549033
vb0[1]+000 TEXCOORD3: 0.270588249, 0.690196097, 0.517647088, 0.772549033
vb0[1]+000 TANGENT: 0.270588249, 0.690196097, 0.517647088, 0.772549033

vb0[2]+000 POSITION: -5131.75049, 849.158081, -511.093018
vb0[2]+000 NORMAL: 0.00392156886, 0.368627459, 0.627451003, 0.772549033
vb0[2]+024 COLOR: 0, 0, 0.0980392173, 0.0980392173
vb0[2]+028 TEXCOORD: 0, 0, 0, 0
vb0[2]+044 TEXCOORD1: 210.630661, 31.2024212, 0.400000006, 0.600000024
vb0[2]+000 TEXCOORD2: 0.00392156886, 0.368627459, 0.627451003, 0.772549033
vb0[2]+000 TEXCOORD3: 0.00392156886, 0.368627459, 0.627451003, 0.772549033
vb0[2]+000 TANGENT: 0.00392156886, 0.368627459, 0.627451003, 0.772549033

vb0[3]+000 POSITION: -4989.99219, 2124.51465, -459.015625
vb0[3]+000 NORMAL: 0.941176474, 0.937254906, 0.607843161, 0.772549033
vb0[3]+024 COLOR: 0, 0, 0.0980392173, 0.0980392173
vb0[3]+028 TEXCOORD: 0, 1.00000012, 0, 1.00000012
vb0[3]+044 TEXCOORD1: 210.630661, 31.2024212, 0.400000006, 0.600000024
vb0[3]+000 TEXCOORD2: 0.941176474, 0.937254906, 0.607843161, 0.772549033
vb0[3]+000 TEXCOORD3: 0.941176474, 0.937254906, 0.607843161, 0.772549033
vb0[3]+000 TANGENT: 0.941176474, 0.937254906, 0.607843161, 0.772549033

vb0[4]+000 POSITION: -557.064697, 2556.81592, -4859.10693
vb0[4]+000 NORMAL: 0.141176477, 0.266666681, 0.0431372561, 0.768627465
vb0[4]+024 COLOR: 0, 0.141176477, 0.0980392173, 0.0980392173
vb0[4]+028 TEXCOORD: 1.00000012, 1.00000012, 1.00000012, 1.00000012
vb0[4]+044 TEXCOORD1: 210.630661, 39.5141525, 0.400000006, 0.600000024
vb0[4]+000 TEXCOORD2: 0.141176477, 0.266666681, 0.0431372561, 0.768627465
vb0[4]+000 TEXCOORD3: 0.141176477, 0.266666681, 0.0431372561, 0.768627465
vb0[4]+000 TANGENT: 0.141176477, 0.266666681, 0.0431372561, 0.768627465

vb0[5]+000 POSITION: -653.018311, 1334.97632, -5104.39844
vb0[5]+000 NORMAL: 0.172549024, 0.254901975, 0.137254909, 0.768627465
vb0[5]+024 COLOR: 0, 0.141176477, 0.0980392173, 0.0980392173
vb0[5]+028 TEXCOORD: 1.00000012, 0, 1.00000012, 0
vb0[5]+044 TEXCOORD1: 210.630661, 39.5141525, 0.400000006, 0.600000024
vb0[5]+000 TEXCOORD2: 0.172549024, 0.254901975, 0.137254909, 0.768627465
vb0[5]+000 TEXCOORD3: 0.172549024, 0.254901975, 0.137254909, 0.768627465
vb0[5]+000 TANGENT: 0.172549024, 0.254901975, 0.137254909, 0.768627465

vb0[6]+000 POSITION: -2981.04834, 1334.97632, -4193.71387
vb0[6]+000 NORMAL: 0.776470602, 0.313725501, 0.227450982, 0.772549033
vb0[6]+024 COLOR: 0, 0.141176477, 0.0980392173, 0.0980392173
vb0[6]+028 TEXCOORD: 0, 0, 0, 0
vb0[6]+044 TEXCOORD1: 210.630661, 39.5141525, 0.400000006, 0.600000024
vb0[6]+000 TEXCOORD2: 0.776470602, 0.313725501, 0.227450982, 0.772549033
vb0[6]+000 TEXCOORD3: 0.776470602, 0.313725501, 0.227450982, 0.772549033
vb0[6]+000 TANGENT: 0.776470602, 0.313725501, 0.227450982, 0.772549033

vb0[7]+000 POSITION: -2885.09473, 2556.81592, -3948.42285
vb0[7]+000 NORMAL: 0.517647088, 0.31764707, 0.203921571, 0.772549033
vb0[7]+024 COLOR: 0, 0.141176477, 0.0980392173, 0.0980392173
vb0[7]+028 TEXCOORD: 0, 1.00000012, 0, 1.00000012
vb0[7]+044 TEXCOORD1: 210.630661, 39.5141525, 0.400000006, 0.600000024
vb0[7]+000 TEXCOORD2: 0.517647088, 0.31764707, 0.203921571, 0.772549033
vb0[7]+000 TEXCOORD3: 0.517647088, 0.31764707, 0.203921571, 0.772549033
vb0[7]+000 TANGENT: 0.517647088, 0.31764707, 0.203921571, 0.772549033

vb0[8]+000 POSITION: 3916.646, 2324.61987, -3033.13525
vb0[8]+000 NORMAL: 0.337254912, 0.792156875, 0.454901963, 0.270588249
vb0[8]+024 COLOR: 0, 0.282352954, 0.0980392173, 0.0980392173
vb0[8]+028 TEXCOORD: 1.00000012, 1.00000012, 1.00000012, 1.00000012
vb0[8]+044 TEXCOORD1: 210.630661, 164.905029, 0.400000006, 0.600000024
vb0[8]+000 TEXCOORD2: 0.337254912, 0.792156875, 0.454901963, 0.270588249
vb0[8]+000 TEXCOORD3: 0.337254912, 0.792156875, 0.454901963, 0.270588249
vb0[8]+000 TANGENT: 0.337254912, 0.792156875, 0.454901963, 0.270588249

vb0[9]+000 POSITION: 4041.94092, 1090.73804, -3196.30835
vb0[9]+000 NORMAL: 0.0549019612, 0.623529434, 0.486274511, 0.270588249
vb0[9]+024 COLOR: 0, 0.282352954, 0.0980392173, 0.0980392173
vb0[9]+028 TEXCOORD: 1.00000012, 0, 1.00000012, 0
vb0[9]+044 TEXCOORD1: 210.630661, 164.905029, 0.400000006, 0.600000024
vb0[9]+000 TEXCOORD2: 0.0549019612, 0.623529434, 0.486274511, 0.270588249
vb0[9]+000 TEXCOORD3: 0.0549019612, 0.623529434, 0.486274511, 0.270588249
vb0[9]+000 TANGENT: 0.0549019612, 0.623529434, 0.486274511, 0.270588249

vb0[10]+000 POSITION: 2057.62158, 1090.73804, -4719.99854
vb0[10]+000 NORMAL: 0.949019611, 0.600000024, 0, 0.270588249
vb0[10]+024 COLOR: 0, 0.282352954, 0.0980392173, 0.0980392173
vb0[10]+028 TEXCOORD: 0, 0, 0, 0
vb0[10]+044 TEXCOORD1: 210.630661, 164.905029, 0.400000006, 0.600000024
vb0[10]+000 TEXCOORD2: 0.949019611, 0.600000024, 0, 0.270588249
vb0[10]+000 TEXCOORD3: 0.949019611, 0.600000024, 0, 0.270588249
vb0[10]+000 TANGENT: 0.949019611, 0.600000024, 0, 0.270588249

vb0[11]+000 POSITION: 1932.32678, 2324.61987, -4556.8252
vb0[11]+000 NORMAL: 0.458823532, 0.541176498, 0.945098042, 0.266666681
vb0[11]+024 COLOR: 0, 0.282352954, 0.0980392173, 0.0980392173
vb0[11]+028 TEXCOORD: 0, 1.00000012, 0, 1.00000012
vb0[11]+044 TEXCOORD1: 210.630661, 164.905029, 0.400000006, 0.600000024
vb0[11]+000 TEXCOORD2: 0.458823532, 0.541176498, 0.945098042, 0.266666681
vb0[11]+000 TEXCOORD3: 0.458823532, 0.541176498, 0.945098042, 0.266666681
vb0[11]+000 TANGENT: 0.458823532, 0.541176498, 0.945098042, 0.266666681

vb0[12]+000 POSITION: 4385.91846, 2534.01807, 2113.59668
vb0[12]+000 NORMAL: 0.349019617, 0.0588235296, 0.53725493, 0.270588249
vb0[12]+024 COLOR: 0, 0.141176477, 0.0980392173, 0.0980392173
vb0[12]+028 TEXCOORD: 1.00000012, 1.00000012, 1.00000012, 1.00000012
vb0[12]+044 TEXCOORD1: 210.630661, 94.6597214, 0.400000006, 0.600000024
vb0[12]+000 TEXCOORD2: 0.349019617, 0.0588235296, 0.53725493, 0.270588249
vb0[12]+000 TEXCOORD3: 0.349019617, 0.0588235296, 0.53725493, 0.270588249
vb0[12]+000 TANGENT: 0.349019617, 0.0588235296, 0.53725493, 0.270588249

vb0[13]+000 POSITION: 4636.28271, 1501.29272, 2171.51904
vb0[13]+000 NORMAL: 0.262745112, 0.886274517, 0.564705908, 0.270588249
vb0[13]+024 COLOR: 0, 0.141176477, 0.0980392173, 0.0980392173
vb0[13]+028 TEXCOORD: 1.00000012, 0, 1.00000012, 0
vb0[13]+044 TEXCOORD1: 210.630661, 94.6597214, 0.400000006, 0.600000024
vb0[13]+000 TEXCOORD2: 0.262745112, 0.886274517, 0.564705908, 0.270588249
vb0[13]+000 TEXCOORD3: 0.262745112, 0.886274517, 0.564705908, 0.270588249
vb0[13]+000 TANGENT: 0.262745112, 0.886274517, 0.564705908, 0.270588249

vb0[14]+000 POSITION: 5116.02881, 1501.29272, 97.8554688
vb0[14]+000 NORMAL: 0.23137255, 0.87843138, 0.623529434, 0.270588249
vb0[14]+024 COLOR: 0, 0.141176477, 0.0980392173, 0.0980392173
vb0[14]+028 TEXCOORD: 0, 0, 0, 0
vb0[14]+044 TEXCOORD1: 210.630661, 94.6597214, 0.400000006, 0.600000024
vb0[14]+000 TEXCOORD2: 0.23137255, 0.87843138, 0.623529434, 0.270588249
vb0[14]+000 TEXCOORD3: 0.23137255, 0.87843138, 0.623529434, 0.270588249
vb0[14]+000 TANGENT: 0.23137255, 0.87843138, 0.623529434, 0.270588249

vb0[15]+000 POSITION: 4865.66406, 2534.01807, 39.9332275
vb0[15]+000 NORMAL: 0.313725501, 0.0509803928, 0.596078455, 0.270588249
vb0[15]+024 COLOR: 0, 0.141176477, 0.0980392173, 0.0980392173
vb0[15]+028 TEXCOORD: 0, 1.00000012, 0, 1.00000012
vb0[15]+044 TEXCOORD1: 210.630661, 94.6597214, 0.400000006, 0.600000024
vb0[15]+000 TEXCOORD2: 0.313725501, 0.0509803928, 0.596078455, 0.270588249
vb0[15]+000 TEXCOORD3: 0.313725501, 0.0509803928, 0.596078455, 0.270588249
vb0[15]+000 TANGENT: 0.313725501, 0.0509803928, 0.596078455, 0.270588249

vb0[16]+000 POSITION: 692.072144, 2616.68091, 4849.85059
vb0[16]+000 NORMAL: 0.619607866, 0.0156862754, 0.176470593, 0.266666681
vb0[16]+024 COLOR: 0, 0.427450985, 0.0980392173, 0.0980392173
vb0[16]+028 TEXCOORD: 1.00000012, 1.00000012, 1.00000012, 1.00000012
vb0[16]+044 TEXCOORD1: 210.630661, 189.542404, 0.400000006, 0.600000024
vb0[16]+000 TEXCOORD2: 0.619607866, 0.0156862754, 0.176470593, 0.266666681
vb0[16]+000 TEXCOORD3: 0.619607866, 0.0156862754, 0.176470593, 0.266666681
vb0[16]+000 TANGENT: 0.619607866, 0.0156862754, 0.176470593, 0.266666681

vb0[17]+000 POSITION: 801.237915, 1375.47156, 5105.1167
vb0[17]+000 NORMAL: 0.227450982, 0.309803933, 0.282352954, 0.266666681
vb0[17]+024 COLOR: 0, 0.427450985, 0.0980392173, 0.0980392173
vb0[17]+028 TEXCOORD: 1.00000012, 0, 1.00000012, 0
vb0[17]+044 TEXCOORD1: 210.630661, 189.542404, 0.400000006, 0.600000024
vb0[17]+000 TEXCOORD2: 0.227450982, 0.309803933, 0.282352954, 0.266666681
vb0[17]+000 TEXCOORD3: 0.227450982, 0.309803933, 0.282352954, 0.266666681
vb0[17]+000 TANGENT: 0.227450982, 0.309803933, 0.282352954, 0.266666681

vb0[18]+000 POSITION: 3140.09814, 1375.47156, 4104.89307
vb0[18]+000 NORMAL: 0.572549045, 0.254901975, 0.266666681, 0.270588249
vb0[18]+024 COLOR: 0, 0.427450985, 0.0980392173, 0.0980392173
vb0[18]+028 TEXCOORD: 0, 0, 0, 0
vb0[18]+044 TEXCOORD1: 210.630661, 189.542404, 0.400000006, 0.600000024
vb0[18]+000 TEXCOORD2: 0.572549045, 0.254901975, 0.266666681, 0.270588249
vb0[18]+000 TEXCOORD3: 0.572549045, 0.254901975, 0.266666681, 0.270588249
vb0[18]+000 TANGENT: 0.572549045, 0.254901975, 0.266666681, 0.270588249

vb0[19]+000 POSITION: 3030.93262, 2616.68091, 3849.62646
vb0[19]+000 NORMAL: 0.925490201, 0.431372553, 0.239215687, 0.270588249
vb0[19]+024 COLOR: 0, 0.427450985, 0.0980392173, 0.0980392173
vb0[19]+028 TEXCOORD: 0, 1.00000012, 0, 1.00000012
vb0[19]+044 TEXCOORD1: 210.630661, 189.542404, 0.400000006, 0.600000024
vb0[19]+000 TEXCOORD2: 0.925490201, 0.431372553, 0.239215687, 0.270588249
vb0[19]+000 TEXCOORD3: 0.925490201, 0.431372553, 0.239215687, 0.270588249
vb0[19]+000 TANGENT: 0.925490201, 0.431372553, 0.239215687, 0.270588249

vb0[20]+000 POSITION: -3826.1604, 1921.01135, 3226.04883
vb0[20]+000 NORMAL: 0.568627477, 0.13333334, 0.435294122, 0.772549033
vb0[20]+024 COLOR: 0, 0.141176477, 0.0980392173, 0.0980392173
vb0[20]+028 TEXCOORD: 1.00000012, 1.00000012, 1.00000012, 1.00000012
vb0[20]+044 TEXCOORD1: 210.630661, 180.049744, 0.400000006, 0.600000024
vb0[20]+000 TEXCOORD2: 0.568627477, 0.13333334, 0.435294122, 0.772549033
vb0[20]+000 TEXCOORD3: 0.568627477, 0.13333334, 0.435294122, 0.772549033
vb0[20]+000 TANGENT: 0.568627477, 0.13333334, 0.435294122, 0.772549033

vb0[21]+000 POSITION: -3900.31641, 811.403076, 3324.20215
vb0[21]+000 NORMAL: 0.0627451017, 0.772549033, 0.450980395, 0.772549033
vb0[21]+024 COLOR: 0, 0.141176477, 0.0980392173, 0.0980392173
vb0[21]+028 TEXCOORD: 1.00000012, 0, 1.00000012, 0
vb0[21]+044 TEXCOORD1: 210.630661, 180.049744, 0.400000006, 0.600000024
vb0[21]+000 TEXCOORD2: 0.0627451017, 0.772549033, 0.450980395, 0.772549033
vb0[21]+000 TEXCOORD3: 0.0627451017, 0.772549033, 0.450980395, 0.772549033
vb0[21]+000 TANGENT: 0.0627451017, 0.772549033, 0.450980395, 0.772549033

vb0[22]+000 POSITION: -2118.78857, 811.403076, 4670.16406
vb0[22]+000 NORMAL: 0.619607866, 0.423529416, 0.0156862754, 0.772549033
vb0[22]+024 COLOR: 0, 0.141176477, 0.0980392173, 0.0980392173
vb0[22]+028 TEXCOORD: 0, 0, 0, 0
vb0[22]+044 TEXCOORD1: 210.630661, 180.049744, 0.400000006, 0.600000024
vb0[22]+000 TEXCOORD2: 0.619607866, 0.423529416, 0.0156862754, 0.772549033
vb0[22]+000 TEXCOORD3: 0.619607866, 0.423529416, 0.0156862754, 0.772549033
vb0[22]+000 TANGENT: 0.619607866, 0.423529416, 0.0156862754, 0.772549033

vb0[23]+000 POSITION: -2044.63281, 1921.01135, 4572.01074
vb0[23]+000 NORMAL: 0.250980407, 0.580392182, 1, 0.768627465
vb0[23]+024 COLOR: 0, 0.141176477, 0.0980392173, 0.0980392173
vb0[23]+028 TEXCOORD: 0, 1.00000012, 0, 1.00000012
vb0[23]+044 TEXCOORD1: 210.630661, 180.049744, 0.400000006, 0.600000024
vb0[23]+000 TEXCOORD2: 0.250980407, 0.580392182, 1, 0.768627465
vb0[23]+000 TEXCOORD3: 0.250980407, 0.580392182, 1, 0.768627465
vb0[23]+000 TANGENT: 0.250980407, 0.580392182, 1, 0.768627465

vb0[24]+000 POSITION: -4979.26709, 1478.51904, -1279.55859
vb0[24]+000 NORMAL: 0.137254909, 0.603921592, 0.607843161, 0.772549033
vb0[24]+024 COLOR: 1, 0.854901969, 0.0980392173, 0.0980392173
vb0[24]+028 TEXCOORD: 1.00000012, 1.00000012, 1.00000012, 1.00000012
vb0[24]+044 TEXCOORD1: 210.630661, 157.066864, 0.400000006, 0.600000024
vb0[24]+000 TEXCOORD2: 0.137254909, 0.603921592, 0.607843161, 0.772549033
vb0[24]+000 TEXCOORD3: 0.137254909, 0.603921592, 0.607843161, 0.772549033
vb0[24]+000 TANGENT: 0.137254909, 0.603921592, 0.607843161, 0.772549033

vb0[25]+000 POSITION: -4979.26709, 257.062531, -1279.55859
vb0[25]+000 NORMAL: 0.137254909, 0.603921592, 0.607843161, 0.772549033
vb0[25]+024 COLOR: 1, 0.854901969, 0.0980392173, 0.0980392173
vb0[25]+028 TEXCOORD: 1.00000012, 0, 1.00000012, 0
vb0[25]+044 TEXCOORD1: 210.630661, 157.066864, 0.400000006, 0.600000024
vb0[25]+000 TEXCOORD2: 0.137254909, 0.603921592, 0.607843161, 0.772549033
vb0[25]+000 TEXCOORD3: 0.137254909, 0.603921592, 0.607843161, 0.772549033
vb0[25]+000 TANGENT: 0.137254909, 0.603921592, 0.607843161, 0.772549033

vb0[26]+000 POSITION: -5011.43799, 257.062531, 1163.14282
vb0[26]+000 NORMAL: 0.505882382, 0.607843161, 0.611764729, 0.772549033
vb0[26]+024 COLOR: 1, 0.854901969, 0.0980392173, 0.0980392173
vb0[26]+028 TEXCOORD: 0, 0, 0, 0
vb0[26]+044 TEXCOORD1: 210.630661, 157.066864, 0.400000006, 0.600000024
vb0[26]+000 TEXCOORD2: 0.505882382, 0.607843161, 0.611764729, 0.772549033
vb0[26]+000 TEXCOORD3: 0.505882382, 0.607843161, 0.611764729, 0.772549033
vb0[26]+000 TANGENT: 0.505882382, 0.607843161, 0.611764729, 0.772549033

vb0[27]+000 POSITION: -5011.43799, 1478.51904, 1163.14282
vb0[27]+000 NORMAL: 0.505882382, 0.607843161, 0.611764729, 0.772549033
vb0[27]+024 COLOR: 1, 0.854901969, 0.0980392173, 0.0980392173
vb0[27]+028 TEXCOORD: 0, 1.00000012, 0, 1.00000012
vb0[27]+044 TEXCOORD1: 210.630661, 157.066864, 0.400000006, 0.600000024
vb0[27]+000 TEXCOORD2: 0.505882382, 0.607843161, 0.611764729, 0.772549033
vb0[27]+000 TEXCOORD3: 0.505882382, 0.607843161, 0.611764729, 0.772549033
vb0[27]+000 TANGENT: 0.505882382, 0.607843161, 0.611764729, 0.772549033

vb0[28]+000 POSITION: -276.214966, 1313.9082, -5095.25098
vb0[28]+000 NORMAL: 0.517647088, 0.105882354, 0.541176498, 0.764705896
vb0[28]+024 COLOR: 1, 1, 0.0980392173, 0.0980392173
vb0[28]+028 TEXCOORD: 1.00000012, 1.00000012, 1.00000012, 1.00000012
vb0[28]+044 TEXCOORD1: 210.630661, 46.8637505, 0.400000006, 0.600000024
vb0[28]+000 TEXCOORD2: 0.517647088, 0.105882354, 0.541176498, 0.764705896
vb0[28]+000 TEXCOORD3: 0.517647088, 0.105882354, 0.541176498, 0.764705896
vb0[28]+000 TANGENT: 0.517647088, 0.105882354, 0.541176498, 0.764705896

vb0[29]+000 POSITION: -276.214966, 257.062531, -5095.25098
vb0[29]+000 NORMAL: 0.517647088, 0.105882354, 0.541176498, 0.764705896
vb0[29]+024 COLOR: 1, 1, 0.0980392173, 0.0980392173
vb0[29]+028 TEXCOORD: 1.00000012, 0, 1.00000012, 0
vb0[29]+044 TEXCOORD1: 210.630661, 46.8637505, 0.400000006, 0.600000024
vb0[29]+000 TEXCOORD2: 0.517647088, 0.105882354, 0.541176498, 0.764705896
vb0[29]+000 TEXCOORD3: 0.517647088, 0.105882354, 0.541176498, 0.764705896
vb0[29]+000 TANGENT: 0.517647088, 0.105882354, 0.541176498, 0.764705896

vb0[30]+000 POSITION: -2317.07764, 257.062531, -4545.18652
vb0[30]+000 NORMAL: 0.243137255, 0.819607854, 0.0627451017, 0.772549033
vb0[30]+024 COLOR: 1, 1, 0.0980392173, 0.0980392173
vb0[30]+028 TEXCOORD: 0, 0, 0, 0
vb0[30]+044 TEXCOORD1: 210.630661, 46.8637505, 0.400000006, 0.600000024
vb0[30]+000 TEXCOORD2: 0.243137255, 0.819607854, 0.0627451017, 0.772549033
vb0[30]+000 TEXCOORD3: 0.243137255, 0.819607854, 0.0627451017, 0.772549033
vb0[30]+000 TANGENT: 0.243137255, 0.819607854, 0.0627451017, 0.772549033

vb0[31]+000 POSITION: -2317.07764, 1313.9082, -4545.18652
vb0[31]+000 NORMAL: 0.243137255, 0.819607854, 0.0627451017, 0.772549033
vb0[31]+024 COLOR: 1, 1, 0.0980392173, 0.0980392173
vb0[31]+028 TEXCOORD: 0, 1.00000012, 0, 1.00000012
vb0[31]+044 TEXCOORD1: 210.630661, 46.8637505, 0.400000006, 0.600000024
vb0[31]+000 TEXCOORD2: 0.243137255, 0.819607854, 0.0627451017, 0.772549033
vb0[31]+000 TEXCOORD3: 0.243137255, 0.819607854, 0.0627451017, 0.772549033
vb0[31]+000 TANGENT: 0.243137255, 0.819607854, 0.0627451017, 0.772549033

vb0[32]+000 POSITION: 3894.13477, 1277.28381, -3295.94849
vb0[32]+000 NORMAL: 0.156862751, 0.384313732, 0.450980395, 0.270588249
vb0[32]+024 COLOR: 1, 0.854901969, 0.0980392173, 0.0980392173
vb0[32]+028 TEXCOORD: 1.00000012, 1.00000012, 1.00000012, 1.00000012
vb0[32]+044 TEXCOORD1: 210.630661, 174.685135, 0.400000006, 0.600000024
vb0[32]+000 TEXCOORD2: 0.156862751, 0.384313732, 0.450980395, 0.270588249
vb0[32]+000 TEXCOORD3: 0.156862751, 0.384313732, 0.450980395, 0.270588249
vb0[32]+000 TANGENT: 0.156862751, 0.384313732, 0.450980395, 0.270588249

vb0[33]+000 POSITION: 3894.13477, 257.062531, -3295.94849
vb0[33]+000 NORMAL: 0.156862751, 0.384313732, 0.450980395, 0.270588249
vb0[33]+024 COLOR: 1, 0.854901969, 0.0980392173, 0.0980392173
vb0[33]+028 TEXCOORD: 1.00000012, 0, 1.00000012, 0
vb0[33]+044 TEXCOORD1: 210.630661, 174.685135, 0.400000006, 0.600000024
vb0[33]+000 TEXCOORD2: 0.156862751, 0.384313732, 0.450980395, 0.270588249
vb0[33]+000 TEXCOORD3: 0.156862751, 0.384313732, 0.450980395, 0.270588249
vb0[33]+000 TANGENT: 0.156862751, 0.384313732, 0.450980395, 0.270588249

vb0[34]+000 POSITION: 2288.98535, 257.062531, -4555.67139
vb0[34]+000 NORMAL: 0.768627465, 0.0588235296, 0.0588235296, 0.270588249
vb0[34]+024 COLOR: 1, 0.854901969, 0.0980392173, 0.0980392173
vb0[34]+028 TEXCOORD: 0, 0, 0, 0
vb0[34]+044 TEXCOORD1: 210.630661, 174.685135, 0.400000006, 0.600000024
vb0[34]+000 TEXCOORD2: 0.768627465, 0.0588235296, 0.0588235296, 0.270588249
vb0[34]+000 TEXCOORD3: 0.768627465, 0.0588235296, 0.0588235296, 0.270588249
vb0[34]+000 TANGENT: 0.768627465, 0.0588235296, 0.0588235296, 0.270588249

vb0[35]+000 POSITION: 2288.98535, 1277.28381, -4555.67139
vb0[35]+000 NORMAL: 0.768627465, 0.0588235296, 0.0588235296, 0.270588249
vb0[35]+024 COLOR: 1, 0.854901969, 0.0980392173, 0.0980392173
vb0[35]+028 TEXCOORD: 0, 1.00000012, 0, 1.00000012
vb0[35]+044 TEXCOORD1: 210.630661, 174.685135, 0.400000006, 0.600000024
vb0[35]+000 TEXCOORD2: 0.768627465, 0.0588235296, 0.0588235296, 0.270588249
vb0[35]+000 TEXCOORD3: 0.768627465, 0.0588235296, 0.0588235296, 0.270588249
vb0[35]+000 TANGENT: 0.768627465, 0.0588235296, 0.0588235296, 0.270588249

vb0[36]+000 POSITION: 4345.33203, 1626.60095, 2842.1167
vb0[36]+000 NORMAL: 0.65882355, 0.792156875, 0.529411793, 0.270588249
vb0[36]+024 COLOR: 1, 0.713725507, 0.0980392173, 0.0980392173
vb0[36]+028 TEXCOORD: 1.00000012, 1.00000012, 1.00000012, 1.00000012
vb0[36]+044 TEXCOORD1: 210.630661, 159.035172, 0.400000006, 0.600000024
vb0[36]+000 TEXCOORD2: 0.65882355, 0.792156875, 0.529411793, 0.270588249
vb0[36]+000 TEXCOORD3: 0.65882355, 0.792156875, 0.529411793, 0.270588249
vb0[36]+000 TANGENT: 0.65882355, 0.792156875, 0.529411793, 0.270588249

vb0[37]+000 POSITION: 4345.33203, 257.062531, 2842.1167
vb0[37]+000 NORMAL: 0.65882355, 0.792156875, 0.529411793, 0.270588249
vb0[37]+024 COLOR: 1, 0.713725507, 0.0980392173, 0.0980392173
vb0[37]+028 TEXCOORD: 1.00000012, 0, 1.00000012, 0
vb0[37]+044 TEXCOORD1: 210.630661, 159.035172, 0.400000006, 0.600000024
vb0[37]+000 TEXCOORD2: 0.65882355, 0.792156875, 0.529411793, 0.270588249
vb0[37]+000 TEXCOORD3: 0.65882355, 0.792156875, 0.529411793, 0.270588249
vb0[37]+000 TANGENT: 0.65882355, 0.792156875, 0.529411793, 0.270588249

vb0[38]+000 POSITION: 5183.85645, 257.062531, 234.546997
vb0[38]+000 NORMAL: 0.854901969, 0.996078432, 0.631372571, 0.270588249
vb0[38]+024 COLOR: 1, 0.713725507, 0.0980392173, 0.0980392173
vb0[38]+028 TEXCOORD: 0, 0, 0, 0
vb0[38]+044 TEXCOORD1: 210.630661, 159.035172, 0.400000006, 0.600000024
vb0[38]+000 TEXCOORD2: 0.854901969, 0.996078432, 0.631372571, 0.270588249
vb0[38]+000 TEXCOORD3: 0.854901969, 0.996078432, 0.631372571, 0.270588249
vb0[38]+000 TANGENT: 0.854901969, 0.996078432, 0.631372571, 0.270588249

vb0[39]+000 POSITION: 5183.85645, 1626.60095, 234.546997
vb0[39]+000 NORMAL: 0.854901969, 0.996078432, 0.631372571, 0.270588249
vb0[39]+024 COLOR: 1, 0.713725507, 0.0980392173, 0.0980392173
vb0[39]+028 TEXCOORD: 0, 1.00000012, 0, 1.00000012
vb0[39]+044 TEXCOORD1: 210.630661, 159.035172, 0.400000006, 0.600000024
vb0[39]+000 TEXCOORD2: 0.854901969, 0.996078432, 0.631372571, 0.270588249
vb0[39]+000 TEXCOORD3: 0.854901969, 0.996078432, 0.631372571, 0.270588249
vb0[39]+000 TANGENT: 0.854901969, 0.996078432, 0.631372571, 0.270588249

vb0[40]+000 POSITION: 1343.12695, 1529.38525, 4990.55127
vb0[40]+000 NORMAL: 0.0627451017, 0.894117653, 0.654901981, 0.266666681
vb0[40]+024 COLOR: 1, 0.854901969, 0.0980392173, 0.0980392173
vb0[40]+028 TEXCOORD: 1.00000012, 1.00000012, 1.00000012, 1.00000012
vb0[40]+044 TEXCOORD1: 210.630661, 162.469299, 0.400000006, 0.600000024
vb0[40]+000 TEXCOORD2: 0.0627451017, 0.894117653, 0.654901981, 0.266666681
vb0[40]+000 TEXCOORD3: 0.0627451017, 0.894117653, 0.654901981, 0.266666681
vb0[40]+000 TANGENT: 0.0627451017, 0.894117653, 0.654901981, 0.266666681

vb0[41]+000 POSITION: 1343.12695, 257.062531, 4990.55127
vb0[41]+000 NORMAL: 0.0627451017, 0.894117653, 0.654901981, 0.266666681
vb0[41]+024 COLOR: 1, 0.854901969, 0.0980392173, 0.0980392173
vb0[41]+028 TEXCOORD: 1.00000012, 0, 1.00000012, 0
vb0[41]+044 TEXCOORD1: 210.630661, 162.469299, 0.400000006, 0.600000024
vb0[41]+000 TEXCOORD2: 0.0627451017, 0.894117653, 0.654901981, 0.266666681
vb0[41]+000 TEXCOORD3: 0.0627451017, 0.894117653, 0.654901981, 0.266666681
vb0[41]+000 TANGENT: 0.0627451017, 0.894117653, 0.654901981, 0.266666681

vb0[42]+000 POSITION: 3561.96631, 257.062531, 3744.76978
vb0[42]+000 NORMAL: 0.4627451, 0.623529434, 0.368627459, 0.270588249
vb0[42]+024 COLOR: 1, 0.854901969, 0.0980392173, 0.0980392173
vb0[42]+028 TEXCOORD: 0, 0, 0, 0
vb0[42]+044 TEXCOORD1: 210.630661, 162.469299, 0.400000006, 0.600000024
vb0[42]+000 TEXCOORD2: 0.4627451, 0.623529434, 0.368627459, 0.270588249
vb0[42]+000 TEXCOORD3: 0.4627451, 0.623529434, 0.368627459, 0.270588249
vb0[42]+000 TANGENT: 0.4627451, 0.623529434, 0.368627459, 0.270588249

vb0[43]+000 POSITION: 3561.96631, 1529.38525, 3744.76978
vb0[43]+000 NORMAL: 0.4627451, 0.623529434, 0.368627459, 0.270588249
vb0[43]+024 COLOR: 1, 0.854901969, 0.0980392173, 0.0980392173
vb0[43]+028 TEXCOORD: 0, 1.00000012, 0, 1.00000012
vb0[43]+044 TEXCOORD1: 210.630661, 162.469299, 0.400000006, 0.600000024
vb0[43]+000 TEXCOORD2: 0.4627451, 0.623529434, 0.368627459, 0.270588249
vb0[43]+000 TEXCOORD3: 0.4627451, 0.623529434, 0.368627459, 0.270588249
vb0[43]+000 TANGENT: 0.4627451, 0.623529434, 0.368627459, 0.270588249

vb0[44]+000 POSITION: -4065.81104, 1738.65039, 3267.85278
vb0[44]+000 NORMAL: 0.980392158, 0.109803922, 0.494117647, 0.772549033
vb0[44]+024 COLOR: 1, 1, 0.0980392173, 0.0980392173
vb0[44]+028 TEXCOORD: 1.00000012, 1.00000012, 1.00000012, 1.00000012
vb0[44]+044 TEXCOORD1: 210.630661, 31.6262436, 0.400000006, 0.600000024
vb0[44]+000 TEXCOORD2: 0.980392158, 0.109803922, 0.494117647, 0.772549033
vb0[44]+000 TEXCOORD3: 0.980392158, 0.109803922, 0.494117647, 0.772549033
vb0[44]+000 TANGENT: 0.980392158, 0.109803922, 0.494117647, 0.772549033

vb0[45]+000 POSITION: -4065.81104, 257.062531, 3267.85278
vb0[45]+000 NORMAL: 0.980392158, 0.109803922, 0.494117647, 0.772549033
vb0[45]+024 COLOR: 1, 1, 0.0980392173, 0.0980392173
vb0[45]+028 TEXCOORD: 1.00000012, 0, 1.00000012, 0
vb0[45]+044 TEXCOORD1: 210.630661, 31.6262436, 0.400000006, 0.600000024
vb0[45]+000 TEXCOORD2: 0.980392158, 0.109803922, 0.494117647, 0.772549033
vb0[45]+000 TEXCOORD3: 0.980392158, 0.109803922, 0.494117647, 0.772549033
vb0[45]+000 TANGENT: 0.980392158, 0.109803922, 0.494117647, 0.772549033

vb0[46]+000 POSITION: -1632.65808, 257.062531, 4959.05859
vb0[46]+000 NORMAL: 0.0588235296, 0.0823529437, 0.800000012, 0.768627465
vb0[46]+024 COLOR: 1, 1, 0.0980392173, 0.0980392173
vb0[46]+028 TEXCOORD: 0, 0, 0, 0
vb0[46]+044 TEXCOORD1: 210.630661, 31.6262436, 0.400000006, 0.600000024
vb0[46]+000 TEXCOORD2: 0.0588235296, 0.0823529437, 0.800000012, 0.768627465
vb0[46]+000 TEXCOORD3: 0.0588235296, 0.0823529437, 0.800000012, 0.768627465
vb0[46]+000 TANGENT: 0.0588235296, 0.0823529437, 0.800000012, 0.768627465

vb0[47]+000 POSITION: -1632.65808, 1738.65039, 4959.05859
vb0[47]+000 NORMAL: 0.0588235296, 0.0823529437, 0.800000012, 0.768627465
vb0[47]+024 COLOR: 1, 1, 0.0980392173, 0.0980392173
vb0[47]+028 TEXCOORD: 0, 1.00000012, 0, 1.00000012
vb0[47]+044 TEXCOORD1: 210.630661, 31.6262436, 0.400000006, 0.600000024
vb0[47]+000 TEXCOORD2: 0.0588235296, 0.0823529437, 0.800000012, 0.768627465
vb0[47]+000 TEXCOORD3: 0.0588235296, 0.0823529437, 0.800000012, 0.768627465
vb0[47]+000 TANGENT: 0.0588235296, 0.0823529437, 0.800000012, 0.768627465
