byte offset: 0
first index: 0
index count: 9480
topology: trianglelist
format: DXGI_FORMAT_R16_UINT

0 1 2
2 3 0
3 2 4
5 0 3
0 5 6
6 7 0
8 6 5
6 8 9
9 10 6
11 9 8
9 11 12
12 13 9
14 12 11
12 14 15
15 16 12
17 15 14
15 17 18
18 19 15
20 18 17
18 20 21
21 22 18
23 21 20
21 23 24
24 25 21
26 24 23
24 26 27
27 28 24
29 27 26
27 29 30
30 31 27
32 30 29
30 32 33
33 34 30
35 33 32
33 35 36
36 37 33
38 36 35
36 38 39
39 40 36
41 39 38
39 41 42
42 43 39
44 42 41
42 44 45
45 46 42
47 45 44
45 47 48
48 49 45
50 48 47
48 50 51
51 52 48
53 51 50
51 53 54
54 55 51
56 54 53
54 56 57
57 58 54
59 57 56
57 59 60
60 61 57
62 60 59
60 62 63
63 64 60
65 63 62
63 65 66
66 67 63
68 66 65
66 68 69
69 70 66
71 69 68
69 71 72
72 73 69
74 72 71
72 74 75
75 76 72
77 75 74
75 77 78
78 79 75
80 78 77
78 80 81
81 82 78
83 81 80
81 83 84
84 85 81
86 84 83
84 86 87
87 88 84
89 87 86
87 89 90
90 91 87
92 90 89
90 92 93
93 94 90
95 93 92
93 95 96
96 97 93
98 96 95
96 98 99
99 100 96
101 99 98
99 101 102
102 103 99
104 102 101
102 104 105
105 106 102
107 105 104
105 107 108
108 109 105
110 108 107
108 110 111
111 112 108
113 111 110
111 113 114
114 115 111
116 114 113
114 116 117
117 118 114
119 117 116
117 119 120
120 121 117
107 122 110
122 107 123
110 124 113
124 110 122
113 125 116
125 113 124
116 126 119
126 116 125
123 127 122
127 123 128
129 128 123
123 104 129
101 129 104
129 101 130
98 130 101
130 98 131
95 131 98
131 95 132
92 132 95
132 92 133
89 133 92
133 89 134
86 134 89
134 86 135
83 135 86
135 83 136
80 136 83
136 80 137
77 137 80
137 77 138
74 138 77
138 74 139
71 139 74
139 71 140
68 140 71
140 68 141
65 141 68
141 65 142
62 142 65
142 62 143
59 143 62
143 59 144
56 144 59
144 56 145
53 145 56
145 53 146
50 146 53
146 50 147
47 147 50
147 47 148
44 148 47
148 44 149
41 149 44
149 41 150
38 150 41
150 38 151
35 151 38
151 35 152
32 152 35
152 32 153
29 153 32
153 29 154
26 154 29
154 26 155
23 155 26
155 23 156
20 156 23
156 20 157
17 157 20
157 17 158
14 158 17
158 14 159
11 159 14
159 11 160
8 160 11
160 8 161
5 161 8
161 5 162
3 162 5
162 3 163
4 163 3
163 4 164
164 165 163
165 164 166
163 167 162
167 163 165
162 168 161
168 162 167
161 169 160
169 161 168
160 170 159
170 160 169
171 159 170
159 171 158
172 158 171
158 172 157
173 157 172
157 173 156
174 156 173
156 174 155
175 155 174
155 175 154
176 154 175
154 176 153
177 153 176
153 177 152
178 152 177
152 178 151
179 151 178
151 179 150
180 150 179
150 180 149
181 149 180
149 181 148
182 148 181
148 182 147
183 147 182
147 183 146
184 146 183
146 184 145
185 145 184
145 185 144
186 144 185
144 186 143
187 143 186
143 187 142
188 142 187
142 188 141
189 141 188
141 189 140
190 140 189
140 190 139
191 139 190
139 191 138
192 138 191
138 192 137
193 137 192
137 193 136
194 136 193
136 194 135
195 135 194
135 195 134
196 134 195
134 196 133
197 133 196
133 197 132
198 132 197
132 198 131
199 131 198
131 199 130
200 130 199
130 200 129
128 129 200
194 201 195
201 194 202
195 203 196
203 195 201
196 204 197
204 196 203
197 205 198
205 197 204
198 206 199
206 198 205
199 207 200
207 199 206
200 208 128
208 200 207
209 128 208
128 209 127
210 127 209
127 210 211
211 122 127
122 211 124
212 124 211
124 212 125
213 125 212
125 213 126
211 214 212
214 211 210
212 215 213
215 212 214
205 216 206
206 217 207
217 206 216
208 218 209
209 219 210
219 209 218
210 220 214
220 210 219
214 221 215
221 214 220
216 222 217
222 216 223
224 223 216
216 205 224
204 224 205
224 204 225
203 225 204
225 203 226
201 226 203
226 201 227
202 227 201
227 202 228
229 228 202
202 193 229
192 229 193
229 192 230
191 230 192
230 191 231
190 231 191
231 190 232
189 232 190
232 189 233
188 233 189
233 188 234
187 234 188
234 187 235
186 235 187
235 186 236
185 236 186
236 185 237
184 237 185
237 184 238
183 238 184
238 183 239
182 239 183
239 182 240
181 240 182
240 181 241
180 241 181
241 180 242
179 242 180
242 179 243
178 243 179
243 178 244
177 244 178
244 177 245
176 245 177
245 176 246
175 246 176
246 175 247
174 247 175
247 174 248
173 248 174
248 173 249
172 249 173
249 172 250
171 250 172
250 171 251
170 251 171
251 170 252
169 252 170
252 169 253
168 253 169
253 168 254
167 254 168
254 167 255
165 255 167
255 165 256
166 256 165
256 166 257
257 258 256
258 257 259
256 260 255
260 256 258
255 261 254
261 255 260
254 262 253
262 254 261
253 263 252
263 253 262
264 252 263
252 264 251
265 251 264
251 265 250
266 250 265
250 266 249
267 249 266
249 267 248
268 248 267
248 268 247
269 247 268
247 269 246
270 246 269
246 270 245
271 245 270
245 271 244
272 244 271
244 272 243
273 243 272
243 273 242
274 242 273
242 274 241
275 241 274
241 275 240
276 240 275
240 276 239
277 239 276
239 277 238
278 238 277
238 278 237
279 237 278
237 279 236
280 236 279
236 280 235
281 235 280
235 281 234
282 234 281
234 282 233
283 233 282
233 283 232
284 232 283
232 284 231
285 231 284
231 285 230
286 230 285
230 286 229
228 229 286
280 287 281
287 280 288
281 289 282
289 281 287
282 290 283
290 282 289
283 291 284
291 283 290
284 292 285
292 284 291
285 293 286
293 285 292
286 294 228
294 286 293
295 228 294
228 295 227
296 227 295
227 296 226
297 226 296
226 297 225
298 225 297
225 298 224
223 224 298
289 299 290
299 289 300
290 301 291
301 290 299
292 302 293
293 303 294
303 293 302
295 304 296
296 305 297
305 296 304
297 306 298
306 297 305
298 307 223
307 298 306
308 223 307
223 308 222
309 222 308
222 309 310
310 217 222
217 310 311
311 207 217
207 311 208
218 208 311
311 312 218
312 311 310
313 218 312
218 313 219
314 219 313
219 314 220
315 220 314
220 315 221
310 316 312
316 310 309
312 317 313
317 312 316
313 318 314
318 313 317
314 319 315
319 314 318
316 320 317
320 316 321
309 321 316
321 309 322
308 322 309
322 308 323
307 323 308
323 307 324
306 324 307
324 306 325
305 325 306
325 305 326
304 326 305
326 304 327
328 327 304
304 295 328
294 328 295
328 294 303
303 329 328
327 328 329
329 303 330
302 330 303
330 302 331
332 331 302
302 292 332
291 332 292
332 291 301
301 333 332
331 332 333
333 301 334
299 334 301
334 299 335
300 335 299
335 300 336
337 336 300
300 287 337
288 337 287
337 288 338
339 338 288
288 279 339
278 339 279
339 278 340
277 340 278
340 277 341
276 341 277
341 276 342
275 342 276
342 275 343
274 343 275
343 274 344
273 344 274
344 273 345
272 345 273
345 272 346
271 346 272
346 271 347
270 347 271
347 270 348
269 348 270
348 269 349
268 349 269
349 268 350
267 350 268
350 267 351
266 351 267
351 266 352
265 352 266
352 265 353
264 353 265
353 264 354
263 354 264
354 263 355
262 355 263
355 262 356
261 356 262
356 261 357
260 357 261
357 260 358
258 358 260
358 258 359
259 359 258
359 259 360
360 361 359
361 360 362
359 363 358
363 359 361
358 364 357
364 358 363
357 365 356
365 357 364
356 366 355
366 356 365
367 355 366
355 367 354
368 354 367
354 368 353
369 353 368
353 369 352
370 352 369
352 370 351
371 351 370
351 371 350
372 350 371
350 372 349
373 349 372
349 373 348
374 348 373
348 374 347
375 347 374
347 375 346
376 346 375
346 376 345
377 345 376
345 377 344
378 344 377
344 378 343
379 343 378
343 379 342
380 342 379
342 380 341
381 341 380
341 381 340
382 340 381
340 382 339
338 339 382
376 383 377
383 376 384
377 385 378
385 377 383
378 386 379
386 378 385
379 387 380
387 379 386
380 388 381
388 380 387
381 389 382
389 381 388
382 390 338
390 382 389
391 338 390
338 391 337
336 337 391
384 392 383
392 384 393
394 393 384
384 375 394
374 394 375
394 374 395
373 395 374
395 373 396
372 396 373
396 372 397
371 397 372
397 371 398
370 398 371
398 370 399
369 399 370
399 369 400
368 400 369
400 368 401
367 401 368
401 367 402
366 402 367
402 366 403
365 403 366
403 365 404
364 404 365
404 364 405
363 405 364
405 363 406
361 406 363
406 361 407
362 407 361
407 362 408
408 409 407
409 408 410
407 411 406
411 407 409
406 412 405
412 406 411
405 413 404
413 405 412
404 414 403
414 404 413
415 403 414
403 415 402
416 402 415
402 416 401
417 401 416
401 417 400
418 400 417
400 418 399
419 399 418
399 419 398
420 398 419
398 420 397
421 397 420
397 421 396
422 396 421
396 422 395
423 395 422
395 423 394
393 394 423
417 424 418
424 417 425
418 426 419
426 418 424
419 427 420
427 419 426
420 428 421
428 420 427
421 429 422
429 421 428
422 430 423
430 422 429
423 431 393
431 423 430
432 393 431
393 432 392
433 392 432
392 433 434
434 383 392
383 434 385
435 385 434
385 435 386
436 386 435
386 436 387
437 387 436
387 437 388
438 388 437
388 438 389
439 389 438
389 439 390
440 390 439
390 440 391
441 391 440
391 441 336
442 336 441
336 442 335
443 335 442
335 443 334
444 334 443
334 444 333
445 333 444
333 445 331
446 331 445
331 446 330
447 330 446
330 447 329
448 329 447
329 448 327
449 327 448
327 449 326
450 326 449
326 450 325
451 325 450
325 451 324
452 324 451
324 452 323
453 323 452
323 453 322
454 322 453
322 454 321
455 321 454
321 455 320
456 320 455
320 456 457
457 317 320
317 457 318
458 318 457
318 458 319
457 459 458
459 457 456
452 460 453
460 452 461
453 462 454
462 453 460
454 463 455
463 454 462
455 464 456
464 455 463
456 465 459
465 456 464
461 466 460
466 461 467
468 467 461
461 451 468
450 468 451
468 450 469
449 469 450
469 449 470
448 470 449
470 448 471
447 471 448
471 447 472
446 472 447
472 446 473
445 473 446
473 445 474
444 474 445
474 444 475
443 475 444
475 443 476
442 476 443
476 442 477
441 477 442
477 441 478
440 478 441
478 440 479
439 479 440
479 439 480
438 480 439
480 438 481
437 481 438
481 437 482
436 482 437
482 436 483
435 483 436
483 435 484
434 484 435
484 434 433
433 485 484
485 433 486
432 486 433
486 432 487
431 487 432
487 431 488
430 488 431
488 430 489
429 489 430
489 429 490
428 490 429
490 428 491
427 491 428
491 427 492
426 492 427
492 426 493
424 493 426
493 424 494
425 494 424
494 425 495
496 495 425
425 416 496
415 496 416
496 415 497
414 497 415
497 414 498
413 498 414
498 413 499
412 499 413
499 412 500
411 500 412
500 411 501
409 501 411
501 409 502
410 502 409
502 410 503
503 504 502
504 503 505
502 506 501
506 502 504
501 507 500
507 501 506
500 508 499
508 500 507
499 509 498
509 499 508
510 498 509
498 510 497
511 497 510
497 511 496
495 496 511
505 512 504
512 505 513
504 514 506
514 504 512
506 515 507
515 506 514
507 516 508
516 507 515
508 517 509
517 508 516
509 518 510
518 509 517
510 519 511
519 510 518
511 520 495
520 511 519
521 495 520
495 521 494
522 494 521
494 522 493
523 493 522
493 523 492
524 492 523
492 524 491
525 491 524
491 525 490
526 490 525
490 526 489
527 489 526
489 527 488
528 488 527
488 528 487
529 487 528
487 529 486
530 486 529
486 530 485
531 485 530
485 531 532
532 484 485
484 532 483
533 483 532
483 533 482
534 482 533
482 534 481
535 481 534
481 535 480
536 480 535
480 536 479
537 479 536
479 537 478
538 478 537
478 538 477
539 477 538
477 539 476
540 476 539
476 540 475
541 475 540
475 541 474
542 474 541
474 542 473
543 473 542
473 543 472
544 472 543
472 544 471
545 471 544
471 545 470
546 470 545
470 546 469
547 469 546
469 547 468
467 468 547
541 548 542
548 541 549
542 550 543
550 542 548
543 551 544
551 543 550
544 552 545
552 544 551
545 553 546
553 545 552
546 554 547
554 546 553
547 555 467
555 547 554
556 467 555
467 556 466
557 466 556
466 557 558
558 460 466
460 558 462
559 462 558
462 559 463
560 463 559
463 560 464
561 464 560
464 561 465
558 562 559
562 558 557
559 563 560
563 559 562
560 564 561
564 560 563
555 565 556
556 566 557
566 556 565
557 567 562
567 557 566
562 568 563
568 562 567
563 569 564
569 563 568
565 570 566
570 565 571
572 571 565
565 555 572
554 572 555
572 554 573
553 573 554
573 553 574
552 574 553
574 552 575
551 575 552
575 551 576
550 576 551
576 550 577
548 577 550
577 548 578
549 578 548
578 549 579
580 579 549
549 540 580
539 580 540
580 539 581
538 581 539
581 538 582
537 582 538
582 537 583
536 583 537
583 536 584
535 584 536
584 535 585
534 585 535
585 534 586
533 586 534
586 533 587
532 587 533
587 532 531
531 588 587
588 531 589
530 589 531
589 530 590
529 590 530
590 529 591
528 591 529
591 528 592
527 592 528
592 527 593
526 593 527
593 526 594
525 594 526
594 525 595
524 595 525
595 524 596
523 596 524
596 523 597
522 597 523
597 522 598
521 598 522
598 521 599
520 599 521
599 520 600
519 600 520
600 519 601
518 601 519
601 518 602
517 602 518
602 517 603
516 603 517
603 516 604
515 604 516
604 515 605
514 605 515
605 514 606
512 606 514
606 512 607
513 607 512
607 513 608
608 609 607
609 608 610
607 611 606
611 607 609
606 612 605
612 606 611
605 613 604
613 605 612
604 614 603
614 604 613
615 603 614
603 615 602
616 602 615
602 616 601
617 601 616
601 617 600
618 600 617
600 618 599
619 599 618
599 619 598
620 598 619
598 620 597
621 597 620
597 621 596
622 596 621
596 622 595
623 595 622
595 623 594
624 594 623
594 624 593
625 593 624
593 625 592
626 592 625
592 626 591
627 591 626
591 627 590
628 590 627
590 628 589
629 589 628
589 629 588
630 588 629
588 630 631
631 587 588
587 631 586
632 586 631
586 632 585
633 585 632
585 633 584
634 584 633
584 634 583
635 583 634
583 635 582
636 582 635
582 636 581
637 581 636
581 637 580
579 580 637
631 638 632
632 639 633
639 632 638
633 640 634
640 633 639
634 641 635
641 634 640
635 642 636
642 635 641
636 643 637
643 636 642
637 644 579
644 637 643
645 579 644
579 645 578
646 578 645
578 646 577
647 577 646
577 647 576
648 576 647
576 648 575
649 575 648
575 649 574
650 574 649
574 650 573
651 573 650
573 651 572
571 572 651
644 652 645
645 653 646
653 645 652
646 654 647
654 646 653
647 655 648
655 647 654
648 656 649
656 648 655
649 657 650
657 649 656
650 658 651
658 650 657
651 659 571
659 651 658
660 571 659
571 660 570
661 570 660
570 661 662
662 566 570
566 662 567
663 567 662
567 663 568
664 568 663
568 664 569
662 665 663
665 662 661
663 666 664
666 663 665
659 667 660
667 659 668
660 669 661
669 660 667
661 670 665
670 661 669
665 671 666
671 665 670
668 672 667
672 668 673
674 673 668
668 658 674
657 674 658
674 657 675
656 675 657
675 656 676
655 676 656
676 655 677
654 677 655
677 654 678
653 678 654
678 653 679
652 679 653
679 652 680
681 680 652
652 644 681
643 681 644
681 643 682
642 682 643
682 642 683
641 683 642
683 641 684
640 684 641
684 640 685
639 685 640
685 639 686
638 686 639
686 638 687
630 687 638
638 631 630
687 630 688
629 688 630
688 629 689
628 689 629
689 628 690
627 690 628
690 627 691
626 691 627
691 626 692
625 692 626
692 625 693
624 693 625
693 624 694
623 694 624
694 623 695
622 695 623
695 622 696
621 696 622
696 621 697
620 697 621
697 620 698
619 698 620
698 619 699
618 699 619
699 618 700
617 700 618
700 617 701
616 701 617
701 616 702
615 702 616
702 615 703
614 703 615
703 614 704
613 704 614
704 613 705
612 705 613
705 612 706
611 706 612
706 611 707
609 707 611
707 609 708
610 708 609
708 610 709
709 710 708
710 709 711
708 712 707
712 708 710
707 713 706
713 707 712
706 714 705
714 706 713
705 715 704
715 705 714
716 704 715
704 716 703
717 703 716
703 717 702
718 702 717
702 718 701
719 701 718
701 719 700
720 700 719
700 720 699
721 699 720
699 721 698
722 698 721
698 722 697
723 697 722
697 723 696
724 696 723
696 724 695
725 695 724
695 725 694
726 694 725
694 726 693
727 693 726
693 727 692
728 692 727
692 728 691
729 691 728
691 729 690
730 690 729
690 730 689
731 689 730
689 731 688
732 688 731
688 732 687
733 687 732
687 733 686
734 686 733
686 734 685
735 685 734
685 735 684
736 684 735
684 736 683
737 683 736
683 737 682
738 682 737
682 738 681
680 681 738
732 739 733
739 732 740
733 741 734
741 733 739
734 742 735
742 734 741
735 743 736
743 735 742
736 744 737
744 736 743
737 745 738
745 737 744
738 746 680
746 738 745
747 680 746
680 747 679
748 679 747
679 748 678
749 678 748
678 749 677
750 677 749
677 750 676
751 676 750
676 751 675
752 675 751
675 752 674
673 674 752
744 753 745
745 754 746
754 745 753
747 755 748
748 756 749
756 748 755
749 757 750
757 749 756
750 758 751
758 750 757
751 759 752
759 751 758
752 760 673
760 752 759
761 673 760
673 761 672
762 672 761
672 762 763
763 667 672
667 763 669
764 669 763
669 764 670
765 670 764
670 765 671
763 766 764
766 763 762
764 767 765
767 764 766
757 768 758
758 769 759
769 758 768
760 770 761
761 771 762
771 761 770
762 772 766
772 762 771
766 773 767
773 766 772
768 774 769
774 768 775
776 775 768
768 757 776
756 776 757
776 756 777
755 777 756
777 755 778
779 778 755
755 747 779
746 779 747
779 746 754
754 780 779
778 779 780
780 754 781
753 781 754
781 753 782
783 782 753
753 744 783
743 783 744
783 743 784
742 784 743
784 742 785
741 785 742
785 741 786
739 786 741
786 739 787
740 787 739
787 740 788
789 788 740
740 731 789
730 789 731
789 730 790
729 790 730
790 729 791
728 791 729
791 728 792
727 792 728
792 727 793
726 793 727
793 726 794
725 794 726
794 725 795
724 795 725
795 724 796
723 796 724
796 723 797
722 797 723
797 722 798
721 798 722
798 721 799
720 799 721
799 720 800
719 800 720
800 719 801
718 801 719
801 718 802
717 802 718
802 717 803
716 803 717
803 716 804
715 804 716
804 715 805
714 805 715
805 714 806
713 806 714
806 713 807
712 807 713
807 712 808
710 808 712
808 710 809
711 809 710
809 711 810
810 811 809
811 810 812
809 813 808
813 809 811
808 814 807
814 808 813
807 815 806
815 807 814
806 816 805
816 806 815
817 805 816
805 817 804
818 804 817
804 818 803
819 803 818
803 819 802
820 802 819
802 820 801
821 801 820
801 821 800
822 800 821
800 822 799
823 799 822
799 823 798
824 798 823
798 824 797
825 797 824
797 825 796
826 796 825
796 826 795
827 795 826
795 827 794
828 794 827
794 828 793
829 793 828
793 829 792
830 792 829
792 830 791
831 791 830
791 831 790
832 790 831
790 832 789
788 789 832
826 833 827
833 826 834
827 835 828
835 827 833
828 836 829
836 828 835
829 837 830
837 829 836
830 838 831
838 830 837
831 839 832
839 831 838
832 840 788
840 832 839
841 788 840
788 841 787
842 787 841
787 842 786
843 786 842
786 843 785
844 785 843
785 844 784
845 784 844
784 845 783
782 783 845
836 846 837
837 847 838
847 837 846
839 848 840
840 849 841
849 840 848
842 850 843
850 842 851
851 841 849
841 851 842
844 852 845
852 844 853
853 843 850
843 853 844
846 854 847
854 846 855
856 855 846
846 836 856
835 856 836
856 835 857
833 857 835
857 833 858
834 858 833
858 834 859
860 859 834
834 825 860
824 860 825
860 824 861
823 861 824
861 823 862
822 862 823
862 822 863
821 863 822
863 821 864
820 864 821
864 820 865
819 865 820
865 819 866
818 866 819
866 818 867
817 867 818
867 817 868
816 868 817
868 816 869
815 869 816
869 815 870
814 870 815
870 814 871
813 871 814
871 813 872
811 872 813
872 811 873
812 873 811
873 812 874
874 875 873
875 874 876
873 877 872
877 873 875
872 878 871
878 872 877
871 879 870
879 871 878
870 880 869
880 870 879
881 869 880
869 881 868
882 868 881
868 882 867
883 867 882
867 883 866
884 866 883
866 884 865
885 865 884
865 885 864
886 864 885
864 886 863
887 863 886
863 887 862
888 862 887
862 888 861
889 861 888
861 889 860
859 860 889
883 890 884
890 883 891
884 892 885
892 884 890
885 893 886
893 885 892
886 894 887
894 886 893
887 895 888
895 887 894
888 896 889
896 888 895
889 897 859
897 889 896
898 859 897
859 898 858
899 858 898
858 899 857
900 857 899
857 900 856
855 856 900
891 901 890
901 891 902
903 902 891
891 882 903
881 903 882
903 881 904
880 904 881
904 880 905
879 905 880
905 879 906
878 906 879
906 878 907
877 907 878
907 877 908
875 908 877
908 875 909
876 909 875
909 876 910
882 891 883
910 911 909
911 910 912
909 913 908
913 909 911
908 914 907
914 908 913
907 915 906
915 907 914
916 906 915
906 916 905
917 905 916
905 917 904
918 904 917
904 918 903
902 903 918
912 919 911
919 912 920
911 921 913
921 911 919
913 922 914
922 913 921
914 923 915
923 914 922
915 924 916
924 915 923
916 925 917
925 916 924
917 926 918
926 917 925
918 927 902
927 918 926
928 902 927
902 928 901
929 901 928
901 929 930
930 890 901
890 930 892
931 892 930
892 931 893
932 893 931
893 932 894
933 894 932
894 933 895
934 895 933
895 934 896
935 896 934
896 935 897
936 897 935
897 936 898
937 898 936
898 937 899
938 899 937
899 938 900
939 900 938
900 939 855
940 855 939
855 940 854
941 854 940
854 941 942
942 847 854
847 942 943
943 838 847
838 943 839
848 839 943
943 944 848
944 943 942
945 848 944
848 945 849
946 849 945
849 946 851
947 851 946
851 947 850
948 850 947
850 948 853
949 853 948
853 949 852
950 852 949
852 950 951
951 845 852
845 951 782
952 782 951
782 952 781
953 781 952
781 953 780
954 780 953
780 954 778
955 778 954
778 955 777
956 777 955
777 956 776
775 776 956
951 957 952
957 951 950
952 958 953
958 952 957
953 959 954
959 953 958
954 960 955
960 954 959
955 961 956
961 955 960
956 962 775
962 956 961
963 775 962
775 963 774
964 774 963
774 964 965
965 769 774
769 965 966
966 759 769
759 966 760
770 760 966
966 967 770
967 966 965
968 770 967
770 968 771
969 771 968
771 969 772
970 772 969
772 970 773
965 971 967
971 965 964
967 972 968
972 967 971
968 973 969
973 968 972
969 974 970
974 969 973
971 975 972
975 971 976
964 976 971
976 964 977
963 977 964
977 963 978
962 978 963
978 962 979
961 979 962
979 961 980
960 980 961
980 960 981
959 981 960
981 959 982
958 982 959
982 958 983
957 983 958
983 957 984
950 984 957
984 950 985
949 985 950
985 949 986
948 986 949
986 948 987
947 987 948
987 947 988
946 988 947
988 946 989
945 989 946
989 945 990
944 990 945
990 944 991
942 991 944
991 942 941
941 992 991
992 941 993
940 993 941
993 940 994
939 994 940
994 939 995
938 995 939
995 938 996
937 996 938
996 937 997
936 997 937
997 936 998
935 998 936
998 935 999
934 999 935
999 934 1000
933 1000 934
1000 933 1001
932 1001 933
1001 932 1002
931 1002 932
1002 931 1003
930 1003 931
1003 930 929
929 1004 1003
1004 929 1005
928 1005 929
1005 928 1006
927 1006 928
1006 927 1007
926 1007 927
1007 926 1008
925 1008 926
1008 925 1009
924 1009 925
1009 924 1010
923 1010 924
1010 923 1011
922 1011 923
1011 922 1012
921 1012 922
1012 921 1013
919 1013 921
1013 919 1014
920 1014 919
1014 920 1015
1015 1016 1014
1016 1015 1017
1014 1018 1013
1018 1014 1016
1013 1019 1012
1019 1013 1018
1012 1020 1011
1020 1012 1019
1011 1021 1010
1021 1011 1020
1022 1010 1021
1010 1022 1009
1023 1009 1022
1009 1023 1008
1024 1008 1023
1008 1024 1007
1025 1007 1024
1007 1025 1006
1026 1006 1025
1006 1026 1005
1027 1005 1026
1005 1027 1004
1028 1004 1027
1004 1028 1029
1029 1003 1004
1003 1029 1002
1030 1002 1029
1002 1030 1001
1031 1001 1030
1001 1031 1000
1032 1000 1031
1000 1032 999
1033 999 1032
999 1033 998
1034 998 1033
998 1034 997
1035 997 1034
997 1035 996
1036 996 1035
996 1036 995
1037 995 1036
995 1037 994
1038 994 1037
994 1038 993
1039 993 1038
993 1039 992
1040 992 1039
992 1040 1041
1041 991 992
991 1041 990
1042 990 1041
990 1042 989
1043 989 1042
989 1043 988
1044 988 1043
988 1044 987
1045 987 1044
987 1045 986
1046 986 1045
986 1046 985
1047 985 1046
985 1047 984
1048 984 1047
984 1048 983
1049 983 1048
983 1049 982
1050 982 1049
982 1050 981
1051 981 1050
981 1051 980
1052 980 1051
980 1052 979
1053 979 1052
979 1053 978
1054 978 1053
978 1054 977
1055 977 1054
977 1055 976
1056 976 1055
976 1056 975
1057 975 1056
975 1057 1058
1058 972 975
972 1058 973
1059 973 1058
973 1059 974
1058 1060 1059
1060 1058 1057
1053 1061 1054
1061 1053 1062
1054 1063 1055
1063 1054 1061
1055 1064 1056
1064 1055 1063
1056 1065 1057
1065 1056 1064
1057 1066 1060
1066 1057 1065
1062 1067 1061
1067 1062 1068
1069 1068 1062
1062 1052 1069
1051 1069 1052
1069 1051 1070
1050 1070 1051
1070 1050 1071
1049 1071 1050
1071 1049 1072
1048 1072 1049
1072 1048 1073
1047 1073 1048
1073 1047 1074
1046 1074 1047
1074 1046 1075
1045 1075 1046
1075 1045 1076
1044 1076 1045
1076 1044 1077
1043 1077 1044
1077 1043 1078
1042 1078 1043
1078 1042 1079
1041 1079 1042
1079 1041 1040
1040 1080 1079
1080 1040 1081
1039 1081 1040
1081 1039 1082
1038 1082 1039
1082 1038 1083
1037 1083 1038
1083 1037 1084
1036 1084 1037
1084 1036 1085
1035 1085 1036
1085 1035 1086
1034 1086 1035
1086 1034 1087
1033 1087 1034
1087 1033 1088
1032 1088 1033
1088 1032 1089
1031 1089 1032
1089 1031 1090
1030 1090 1031
1090 1030 1091
1029 1091 1030
1091 1029 1028
1028 1092 1091
1092 1028 1093
1027 1093 1028
1093 1027 1094
1026 1094 1027
1094 1026 1095
1025 1095 1026
1095 1025 1096
1024 1096 1025
1096 1024 1097
1023 1097 1024
1097 1023 1098
1022 1098 1023
1098 1022 1099
1021 1099 1022
1099 1021 1100
1020 1100 1021
1100 1020 1101
1019 1101 1020
1101 1019 1102
1018 1102 1019
1102 1018 1103
1016 1103 1018
1103 1016 1104
1017 1104 1016
1104 1017 1105
1105 1106 1104
1106 1105 1107
1104 1108 1103
1108 1104 1106
1103 1109 1102
1109 1103 1108
1102 1110 1101
1110 1102 1109
1101 1111 1100
1111 1101 1110
1112 1100 1111
1100 1112 1099
1113 1099 1112
1099 1113 1098
1114 1098 1113
1098 1114 1097
1115 1097 1114
1097 1115 1096
1116 1096 1115
1096 1116 1095
1117 1095 1116
1095 1117 1094
1118 1094 1117
1094 1118 1093
1119 1093 1118
1093 1119 1092
1120 1092 1119
1092 1120 1121
1121 1091 1092
1091 1121 1090
1122 1090 1121
1090 1122 1089
1123 1089 1122
1089 1123 1088
1124 1088 1123
1088 1124 1087
1125 1087 1124
1087 1125 1086
1126 1086 1125
1086 1126 1085
1127 1085 1126
1085 1127 1084
1128 1084 1127
1084 1128 1083
1129 1083 1128
1083 1129 1082
1130 1082 1129
1082 1130 1081
1131 1081 1130
1081 1131 1080
1132 1080 1131
1080 1132 1133
1133 1079 1080
1079 1133 1078
1134 1078 1133
1078 1134 1077
1135 1077 1134
1077 1135 1076
1136 1076 1135
1076 1136 1075
1137 1075 1136
1075 1137 1074
1138 1074 1137
1074 1138 1073
1139 1073 1138
1073 1139 1072
1140 1072 1139
1072 1140 1071
1141 1071 1140
1071 1141 1070
1142 1070 1141
1070 1142 1069
1068 1069 1142
1136 1143 1137
1143 1136 1144
1137 1145 1138
1145 1137 1143
1138 1146 1139
1146 1138 1145
1139 1147 1140
1147 1139 1146
1140 1148 1141
1148 1140 1147
1141 1149 1142
1149 1141 1148
1142 1150 1068
1150 1142 1149
1151 1068 1150
1068 1151 1067
1152 1067 1151
1067 1152 1153
1153 1061 1067
1061 1153 1063
1154 1063 1153
1063 1154 1064
1155 1064 1154
1064 1155 1065
1156 1065 1155
1065 1156 1066
1153 1157 1154
1157 1153 1152
1154 1158 1155
1158 1154 1157
1155 1159 1156
1159 1155 1158
1150 1160 1151
1151 1161 1152
1161 1151 1160
1152 1162 1157
1162 1152 1161
1157 1163 1158
1163 1157 1162
1158 1164 1159
1164 1158 1163
1160 1165 1161
1165 1160 1166
1167 1166 1160
1160 1150 1167
1149 1167 1150
1167 1149 1168
1148 1168 1149
1168 1148 1169
1147 1169 1148
1169 1147 1170
1146 1170 1147
1170 1146 1171
1145 1171 1146
1171 1145 1172
1143 1172 1145
1172 1143 1173
1144 1173 1143
1173 1144 1174
1175 1174 1144
1144 1135 1175
1134 1175 1135
1175 1134 1176
1133 1176 1134
1176 1133 1132
1135 1144 1136
1132 1177 1176
1177 1132 1178
1131 1178 1132
1178 1131 1179
1130 1179 1131
1179 1130 1180
1129 1180 1130
1180 1129 1181
1128 1181 1129
1181 1128 1182
1127 1182 1128
1182 1127 1183
1126 1183 1127
1183 1126 1184
1125 1184 1126
1184 1125 1185
1124 1185 1125
1185 1124 1186
1123 1186 1124
1186 1123 1187
1122 1187 1123
1187 1122 1188
1121 1188 1122
1188 1121 1120
1120 1189 1188
1189 1120 1190
1119 1190 1120
1190 1119 1191
1118 1191 1119
1191 1118 1192
1117 1192 1118
1192 1117 1193
1116 1193 1117
1193 1116 1194
1115 1194 1116
1194 1115 1195
1114 1195 1115
1195 1114 1196
1113 1196 1114
1196 1113 1197
1112 1197 1113
1197 1112 1198
1111 1198 1112
1198 1111 1199
1110 1199 1111
1199 1110 1200
1109 1200 1110
1200 1109 1201
1108 1201 1109
1201 1108 1202
1106 1202 1108
1202 1106 1203
1107 1203 1106
1203 1107 1204
1204 1205 1203
1205 1204 1206
1203 1207 1202
1207 1203 1205
1202 1208 1201
1208 1202 1207
1201 1209 1200
1209 1201 1208
1200 1210 1199
1210 1200 1209
1211 1199 1210
1199 1211 1198
1212 1198 1211
1198 1212 1197
1213 1197 1212
1197 1213 1196
1214 1196 1213
1196 1214 1195
1215 1195 1214
1195 1215 1194
1216 1194 1215
1194 1216 1193
1217 1193 1216
1193 1217 1192
1218 1192 1217
1192 1218 1191
1219 1191 1218
1191 1219 1190
1220 1190 1219
1190 1220 1189
1221 1189 1220
1189 1221 1222
1222 1188 1189
1188 1222 1187
1223 1187 1222
1187 1223 1186
1224 1186 1223
1186 1224 1185
1225 1185 1224
1185 1225 1184
1226 1184 1225
1184 1226 1183
1227 1183 1226
1183 1227 1182
1228 1182 1227
1182 1228 1181
1229 1181 1228
1181 1229 1180
1230 1180 1229
1180 1230 1179
1231 1179 1230
1179 1231 1178
1232 1178 1231
1178 1232 1177
1233 1177 1232
1177 1233 1234
1234 1176 1177
1176 1234 1175
1174 1175 1234
1234 1235 1174
1235 1234 1233
1236 1174 1235
1174 1236 1173
1237 1173 1236
1173 1237 1172
1238 1172 1237
1172 1238 1171
1239 1171 1238
1171 1239 1170
1240 1170 1239
1170 1240 1169
1241 1169 1240
1169 1241 1168
1242 1168 1241
1168 1242 1167
1166 1167 1242
1235 1243 1236
1236 1244 1237
1244 1236 1243
1237 1245 1238
1245 1237 1244
1238 1246 1239
1246 1238 1245
1239 1247 1240
1247 1239 1246
1240 1248 1241
1248 1240 1247
1241 1249 1242
1249 1241 1248
1242 1250 1166
1250 1242 1249
1251 1166 1250
1166 1251 1165
1252 1165 1251
1165 1252 1253
1253 1161 1165
1161 1253 1162
1254 1162 1253
1162 1254 1163
1255 1163 1254
1163 1255 1164
1253 1256 1254
1256 1253 1252
1254 1257 1255
1257 1254 1256
1250 1258 1251
1258 1250 1259
1251 1260 1252
1260 1251 1258
1252 1261 1256
1261 1252 1260
1256 1262 1257
1262 1256 1261
1259 1263 1258
1263 1259 1264
1265 1264 1259
1259 1249 1265
1248 1265 1249
1265 1248 1266
1247 1266 1248
1266 1247 1267
1246 1267 1247
1267 1246 1268
1245 1268 1246
1268 1245 1269
1244 1269 1245
1269 1244 1270
1243 1270 1244
1270 1243 1271
1272 1271 1243
1243 1235 1272
1233 1272 1235
1272 1233 1273
1232 1273 1233
1273 1232 1274
1231 1274 1232
1274 1231 1275
1230 1275 1231
1275 1230 1276
1229 1276 1230
1276 1229 1277
1228 1277 1229
1277 1228 1278
1227 1278 1228
1278 1227 1279
1226 1279 1227
1279 1226 1280
1225 1280 1226
1280 1225 1281
1224 1281 1225
1281 1224 1282
1223 1282 1224
1282 1223 1283
1222 1283 1223
1283 1222 1221
1221 1284 1283
1284 1221 1285
1220 1285 1221
1285 1220 1286
1219 1286 1220
1286 1219 1287
1218 1287 1219
1287 1218 1288
1217 1288 1218
1288 1217 1289
1216 1289 1217
1289 1216 1290
1215 1290 1216
1290 1215 1291
1214 1291 1215
1291 1214 1292
1213 1292 1214
1292 1213 1293
1212 1293 1213
1293 1212 1294
1211 1294 1212
1294 1211 1295
1210 1295 1211
1295 1210 1296
1209 1296 1210
1296 1209 1297
1208 1297 1209
1297 1208 1298
1207 1298 1208
1298 1207 1299
1205 1299 1207
1299 1205 1300
1206 1300 1205
1300 1206 1301
1301 1302 1300
1302 1301 1303
1300 1304 1299
1304 1300 1302
1299 1305 1298
1305 1299 1304
1298 1306 1297
1306 1298 1305
1297 1307 1296
1307 1297 1306
1308 1296 1307
1296 1308 1295
1309 1295 1308
1295 1309 1294
1310 1294 1309
1294 1310 1293
1311 1293 1310
1293 1311 1292
1312 1292 1311
1292 1312 1291
1313 1291 1312
1291 1313 1290
1314 1290 1313
1290 1314 1289
1315 1289 1314
1289 1315 1288
1316 1288 1315
1288 1316 1287
1317 1287 1316
1287 1317 1286
1318 1286 1317
1286 1318 1285
1319 1285 1318
1285 1319 1284
1320 1284 1319
1284 1320 1321
1321 1283 1284
1283 1321 1282
1322 1282 1321
1282 1322 1281
1323 1281 1322
1281 1323 1280
1324 1280 1323
1280 1324 1279
1325 1279 1324
1279 1325 1278
1326 1278 1325
1278 1326 1277
1327 1277 1326
1277 1327 1276
1328 1276 1327
1276 1328 1275
1329 1275 1328
1275 1329 1274
1330 1274 1329
1274 1330 1273
1331 1273 1330
1273 1331 1272
1271 1272 1331
1325 1332 1326
1332 1325 1333
1326 1334 1327
1334 1326 1332
1327 1335 1328
1335 1327 1334
1328 1336 1329
1336 1328 1335
1329 1337 1330
1337 1329 1336
1330 1338 1331
1338 1330 1337
1331 1339 1271
1339 1331 1338
1340 1271 1339
1271 1340 1270
1341 1270 1340
1270 1341 1269
1342 1269 1341
1269 1342 1268
1343 1268 1342
1268 1343 1267
1344 1267 1343
1267 1344 1266
1345 1266 1344
1266 1345 1265
1264 1265 1345
1337 1346 1338
1338 1347 1339
1347 1338 1346
1340 1348 1341
1341 1349 1342
1349 1341 1348
1342 1350 1343
1350 1342 1349
1343 1351 1344
1351 1343 1350
1344 1352 1345
1352 1344 1351
1345 1353 1264
1353 1345 1352
1354 1264 1353
1264 1354 1263
1355 1263 1354
1263 1355 1356
1356 1258 1263
1258 1356 1260
1357 1260 1356
1260 1357 1261
1358 1261 1357
1261 1358 1262
1356 1359 1357
1359 1356 1355
1357 1360 1358
1360 1357 1359
1350 1361 1351
1351 1362 1352
1362 1351 1361
1353 1363 1354
1354 1364 1355
1364 1354 1363
1355 1365 1359
1365 1355 1364
1359 1366 1360
1366 1359 1365
1361 1367 1362
1367 1361 1368
1369 1368 1361
1361 1350 1369
1349 1369 1350
1369 1349 1370
1348 1370 1349
1370 1348 1371
1372 1371 1348
1348 1340 1372
1339 1372 1340
1372 1339 1347
1347 1373 1372
1371 1372 1373
1373 1347 1374
1346 1374 1347
1374 1346 1375
1376 1375 1346
1346 1337 1376
1336 1376 1337
1376 1336 1377
1335 1377 1336
1377 1335 1378
1334 1378 1335
1378 1334 1379
1332 1379 1334
1379 1332 1380
1333 1380 1332
1380 1333 1381
1382 1381 1333
1333 1324 1382
1323 1382 1324
1382 1323 1383
1322 1383 1323
1383 1322 1384
1321 1384 1322
1384 1321 1320
1324 1333 1325
1320 1385 1384
1385 1320 1386
1319 1386 1320
1386 1319 1387
1318 1387 1319
1387 1318 1388
1317 1388 1318
1388 1317 1389
1316 1389 1317
1389 1316 1390
1315 1390 1316
1390 1315 1391
1314 1391 1315
1391 1314 1392
1313 1392 1314
1392 1313 1393
1312 1393 1313
1393 1312 1394
1311 1394 1312
1394 1311 1395
1310 1395 1311
1395 1310 1396
1309 1396 1310
1396 1309 1397
1308 1397 1309
1397 1308 1398
1307 1398 1308
1398 1307 1399
1306 1399 1307
1399 1306 1400
1305 1400 1306
1400 1305 1401
1304 1401 1305
1401 1304 1402
1302 1402 1304
1402 1302 1403
1303 1403 1302
1403 1303 1404
1404 1405 1403
1405 1404 1406
1403 1407 1402
1407 1403 1405
1402 1408 1401
1408 1402 1407
1401 1409 1400
1409 1401 1408
1400 1410 1399
1410 1400 1409
1411 1399 1410
1399 1411 1398
1412 1398 1411
1398 1412 1397
1413 1397 1412
1397 1413 1396
1414 1396 1413
1396 1414 1395
1415 1395 1414
1395 1415 1394
1416 1394 1415
1394 1416 1393
1417 1393 1416
1393 1417 1392
1418 1392 1417
1392 1418 1391
1419 1391 1418
1391 1419 1390
1420 1390 1419
1390 1420 1389
1421 1389 1420
1389 1421 1388
1422 1388 1421
1388 1422 1387
1423 1387 1422
1387 1423 1386
1424 1386 1423
1386 1424 1385
1425 1385 1424
1385 1425 1426
1426 1384 1385
1384 1426 1383
1427 1383 1426
1383 1427 1382
1381 1382 1427
1426 1428 1427
1428 1426 1425
1427 1429 1381
1429 1427 1428
1430 1381 1429
1381 1430 1380
1431 1380 1430
1380 1431 1379
1432 1379 1431
1379 1432 1378
1433 1378 1432
1378 1433 1377
1434 1377 1433
1377 1434 1376
1375 1376 1434
1428 1435 1429
1435 1428 1436
1425 1436 1428
1436 1425 1437
1424 1437 1425
1437 1424 1438
1423 1438 1424
1438 1423 1439
1422 1439 1423
1439 1422 1440
1421 1440 1422
1440 1421 1441
1420 1441 1421
1441 1420 1442
1419 1442 1420
1442 1419 1443
1418 1443 1419
1443 1418 1444
1417 1444 1418
1444 1417 1445
1416 1445 1417
1445 1416 1446
1415 1446 1416
1446 1415 1447
1414 1447 1415
1447 1414 1448
1413 1448 1414
1448 1413 1449
1412 1449 1413
1449 1412 1450
1411 1450 1412
1450 1411 1451
1410 1451 1411
1451 1410 1452
1409 1452 1410
1452 1409 1453
1408 1453 1409
1453 1408 1454
1407 1454 1408
1454 1407 1455
1405 1455 1407
1455 1405 1456
1406 1456 1405
1456 1406 1457
1457 1458 1456
1458 1457 1459
1456 1460 1455
1460 1456 1458
1455 1461 1454
1461 1455 1460
1454 1462 1453
1462 1454 1461
1453 1463 1452
1463 1453 1462
1464 1452 1463
1452 1464 1451
1465 1451 1464
1451 1465 1450
1466 1450 1465
1450 1466 1449
1467 1449 1466
1449 1467 1448
1468 1448 1467
1448 1468 1447
1469 1447 1468
1447 1469 1446
1470 1446 1469
1446 1470 1445
1471 1445 1470
1445 1471 1444
1472 1444 1471
1444 1472 1443
1473 1443 1472
1443 1473 1442
1474 1442 1473
1442 1474 1441
1475 1441 1474
1441 1475 1440
1476 1440 1475
1440 1476 1439
1477 1439 1476
1439 1477 1438
1478 1438 1477
1438 1478 1437
1479 1437 1478
1437 1479 1436
1480 1436 1479
1436 1480 1435
1481 1435 1480
1435 1481 1482
1482 1429 1435
1429 1482 1430
1483 1430 1482
1430 1483 1431
1484 1431 1483
1431 1484 1432
1485 1432 1484
1432 1485 1433
1486 1433 1485
1433 1486 1434
1487 1434 1486
1434 1487 1375
1488 1375 1487
1375 1488 1374
1489 1374 1488
1374 1489 1373
1490 1373 1489
1373 1490 1371
1491 1371 1490
1371 1491 1370
1492 1370 1491
1370 1492 1369
1368 1369 1492
1486 1493 1487
1493 1486 1494
1487 1495 1488
1495 1487 1493
1488 1496 1489
1496 1488 1495
1489 1497 1490
1497 1489 1496
1490 1498 1491
1498 1490 1497
1491 1499 1492
1499 1491 1498
1492 1500 1368
1500 1492 1499
1501 1368 1500
1368 1501 1367
1502 1367 1501
1367 1502 1503
1503 1362 1367
1362 1503 1504
1504 1352 1362
1352 1504 1353
1363 1353 1504
1504 1505 1363
1505 1504 1503
1506 1363 1505
1363 1506 1364
1507 1364 1506
1364 1507 1365
1508 1365 1507
1365 1508 1366
1503 1509 1505
1509 1503 1502
1505 1510 1506
1510 1505 1509
1506 1511 1507
1511 1506 1510
1507 1512 1508
1512 1507 1511
1509 1513 1510
1513 1509 1514
1502 1514 1509
1514 1502 1515
1501 1515 1502
1515 1501 1516
1500 1516 1501
1516 1500 1517
1499 1517 1500
1517 1499 1518
1498 1518 1499
1518 1498 1519
1497 1519 1498
1519 1497 1520
1496 1520 1497
1520 1496 1521
1495 1521 1496
1521 1495 1522
1493 1522 1495
1522 1493 1523
1494 1523 1493
1523 1494 1524
1525 1524 1494
1494 1485 1525
1484 1525 1485
1525 1484 1526
1483 1526 1484
1526 1483 1527
1482 1527 1483
1527 1482 1481
1485 1494 1486
1481 1528 1527
1528 1481 1529
1480 1529 1481
1529 1480 1530
1479 1530 1480
1530 1479 1531
1478 1531 1479
1531 1478 1532
1477 1532 1478
1532 1477 1533
1476 1533 1477
1533 1476 1534
1475 1534 1476
1534 1475 1535
1474 1535 1475
1535 1474 1536
1473 1536 1474
1536 1473 1537
1472 1537 1473
1537 1472 1538
1471 1538 1472
1538 1471 1539
1470 1539 1471
1539 1470 1540
1469 1540 1470
1540 1469 1541
1468 1541 1469
1541 1468 1542
1467 1542 1468
1542 1467 1543
1466 1543 1467
1543 1466 1544
1465 1544 1466
1544 1465 1545
1464 1545 1465
1545 1464 1546
1463 1546 1464
1546 1463 1547
1462 1547 1463
1547 1462 1548
1461 1548 1462
1548 1461 1549
1460 1549 1461
1549 1460 1550
1458 1550 1460
1550 1458 1551
1459 1551 1458
1551 1459 1552
1552 1553 1551
1553 1552 1554
1551 1555 1550
1555 1551 1553
1550 1556 1549
1556 1550 1555
1549 1557 1548
1557 1549 1556
1548 1558 1547
1558 1548 1557
1559 1547 1558
1547 1559 1546
1560 1546 1559
1546 1560 1545
1561 1545 1560
1545 1561 1544
1562 1544 1561
1544 1562 1543
1563 1543 1562
1543 1563 1542
1564 1542 1563
1542 1564 1541
1565 1541 1564
1541 1565 1540
1566 1540 1565
1540 1566 1539
1567 1539 1566
1539 1567 1538
1568 1538 1567
1538 1568 1537
1569 1537 1568
1537 1569 1536
1570 1536 1569
1536 1570 1535
1571 1535 1570
1535 1571 1534
1572 1534 1571
1534 1572 1533
1573 1533 1572
1533 1573 1532
1574 1532 1573
1532 1574 1531
1575 1531 1574
1531 1575 1530
1576 1530 1575
1530 1576 1529
1577 1529 1576
1529 1577 1528
1578 1528 1577
1528 1578 1579
1579 1527 1528
1527 1579 1526
1580 1526 1579
1526 1580 1525
1524 1525 1580
1579 1581 1580
1581 1579 1578
1580 1582 1524
1582 1580 1581
1583 1524 1582
1524 1583 1523
1584 1523 1583
1523 1584 1522
1585 1522 1584
1522 1585 1521
1586 1521 1585
1521 1586 1520
1587 1520 1586
1520 1587 1519
1588 1519 1587
1519 1588 1518
1589 1518 1588
1518 1589 1517
1590 1517 1589
1517 1590 1516
1591 1516 1590
1516 1591 1515
1592 1515 1591
1515 1592 1514
1593 1514 1592
1514 1593 1513
1594 1513 1593
1513 1594 1595
1595 1510 1513
1510 1595 1511
1596 1511 1595
1511 1596 1512
1595 1597 1596
1597 1595 1594
1590 1598 1591
1598 1590 1599
1591 1600 1592
1600 1591 1598
1592 1601 1593
1601 1592 1600
1593 1602 1594
1602 1593 1601
1594 1603 1597
1603 1594 1602
1599 1604 1598
1604 1599 1605
1606 1605 1599
1599 1589 1606
1588 1606 1589
1606 1588 1607
1587 1607 1588
1607 1587 1608
1586 1608 1587
1608 1586 1609
1585 1609 1586
1609 1585 1610
1584 1610 1585
1610 1584 1611
1583 1611 1584
1611 1583 1612
1582 1612 1583
1612 1582 1613
1581 1613 1582
1613 1581 1614
1578 1614 1581
1614 1578 1615
1577 1615 1578
1615 1577 1616
1576 1616 1577
1616 1576 1617
1575 1617 1576
1617 1575 1618
1574 1618 1575
1618 1574 1619
1573 1619 1574
1619 1573 1620
1572 1620 1573
1620 1572 1621
1571 1621 1572
1621 1571 1622
1570 1622 1571
1622 1570 1623
1569 1623 1570
1623 1569 1624
1568 1624 1569
1624 1568 1625
1567 1625 1568
1625 1567 1626
1566 1626 1567
1626 1566 1627
1565 1627 1566
1627 1565 1628
1564 1628 1565
1628 1564 1629
1563 1629 1564
1629 1563 1630
1562 1630 1563
1630 1562 1631
1561 1631 1562
1631 1561 1632
1560 1632 1561
1632 1560 1633
1559 1633 1560
1633 1559 1634
1558 1634 1559
1634 1558 1635
1557 1635 1558
1635 1557 1636
1556 1636 1557
1636 1556 1637
1555 1637 1556
1637 1555 1638
1553 1638 1555
1638 1553 1639
1554 1639 1553
1639 1554 1640
1640 1641 1639
1641 1640 1642
1639 1643 1638
1643 1639 1641
1638 1644 1637
1644 1638 1643
1637 1645 1636
1645 1637 1644
1636 1646 1635
1646 1636 1645
1647 1635 1646
1635 1647 1634
1648 1634 1647
1634 1648 1633
1649 1633 1648
1633 1649 1632
1650 1632 1649
1632 1650 1631
1651 1631 1650
1631 1651 1630
1652 1630 1651
1630 1652 1629
1653 1629 1652
1629 1653 1628
1654 1628 1653
1628 1654 1627
1655 1627 1654
1627 1655 1626
1656 1626 1655
1626 1656 1625
1657 1625 1656
1625 1657 1624
1658 1624 1657
1624 1658 1623
1659 1623 1658
1623 1659 1622
1660 1622 1659
1622 1660 1621
1661 1621 1660
1621 1661 1620
1662 1620 1661
1620 1662 1619
1663 1619 1662
1619 1663 1618
1664 1618 1663
1618 1664 1617
1665 1617 1664
1617 1665 1616
1666 1616 1665
1616 1666 1615
1667 1615 1666
1615 1667 1614
1668 1614 1667
1614 1668 1613
1669 1613 1668
1613 1669 1612
1670 1612 1669
1612 1670 1611
1671 1611 1670
1611 1671 1610
1672 1610 1671
1610 1672 1609
1673 1609 1672
1609 1673 1608
1674 1608 1673
1608 1674 1607
1675 1607 1674
1607 1675 1606
1605 1606 1675
104 123 107
193 202 194
279 288 280
287 300 289
375 384 376
416 425 417
451 461 452
540 549 541
658 668 659
731 740 732
825 834 826
1052 1062 1053
1249 1259 1250
1589 1599 1590
1598 1676 1600
1676 1598 1604
1677 1600 1676
1600 1677 1601
1678 1601 1677
1601 1678 1602
1679 1602 1678
1602 1679 1603
