stride: 60
first vertex: 443
vertex count: 72
topology: trianglelist
element[0]:
  SemanticName: POSITION
  SemanticIndex: 0
  Format: R32G32B32_FLOAT
  InputSlot: 0
  AlignedByteOffset: 0
  InputSlotClass: per-vertex
  InstanceDataStepRate: 0
element[1]:
  SemanticName: NORMAL
  SemanticIndex: 0
  Format: R8G8B8A8_UNORM
  InputSlot: 0
  AlignedByteOffset: 0
  InputSlotClass: per-vertex
  InstanceDataStepRate: 0
element[2]:
  SemanticName: COLOR
  SemanticIndex: 0
  Format: R8G8B8A8_UNORM
  InputSlot: 0
  AlignedByteOffset: 24
  InputSlotClass: per-vertex
  InstanceDataStepRate: 0
element[3]:
  SemanticName: TEXCOORD
  SemanticIndex: 0
  Format: R32G32B32A32_FLOAT
  InputSlot: 0
  AlignedByteOffset: 28
  InputSlotClass: per-vertex
  InstanceDataStepRate: 0
element[4]:
  SemanticName: TEXCOORD
  SemanticIndex: 1
  Format: R32G32B32A32_FLOAT
  InputSlot: 0
  AlignedByteOffset: 44
  InputSlotClass: per-vertex
  InstanceDataStepRate: 0
element[5]:
  SemanticName: TEXCOORD
  SemanticIndex: 2
  Format: R8G8B8A8_UNORM
  InputSlot: 0
  AlignedByteOffset: 0
  InputSlotClass: per-vertex
  InstanceDataStepRate: 0
element[6]:
  SemanticName: TEXCOORD
  SemanticIndex: 3
  Format: R8G8B8A8_UNORM
  InputSlot: 0
  AlignedByteOffset: 0
  InputSlotClass: per-vertex
  InstanceDataStepRate: 0
element[7]:
  SemanticName: TANGENT
  SemanticIndex: 0
  Format: R8G8B8A8_UNORM
  InputSlot: 0
  AlignedByteOffset: 0
  InputSlotClass: per-vertex
  InstanceDataStepRate: 0

vertex-data:

vb0[0]+000 POSITION: -5459.26123, 4960.88232, 270.845337
vb0[0]+000 NORMAL: 0.0901960805, 0.603921592, 0.666666687, 0.772549033
vb0[0]+024 COLOR: 0, 0.282352954, 0.0980392173, 0.200000003
vb0[0]+028 TEXCOORD: 1.00000012, 1.00000012, 1.00000012, 1.00000012
vb0[0]+044 TEXCOORD1: 95.1876984, 12.3922348, 0.400000006, 0.600000024
vb0[0]+000 TEXCOORD2: 0.0901960805, 0.603921592, 0.666666687, 0.772549033
vb0[0]+000 TEXCOORD3: 0.0901960805, 0.603921592, 0.666666687, 0.772549033
vb0[0]+000 TANGENT: 0.0901960805, 0.603921592, 0.666666687, 0.772549033

vb0[1]+000 POSITION: -6161.22217, 3650.1084, 508.948486
vb0[1]+000 NORMAL: 0.78039217, 0.53725493, 0.752941191, 0.772549033
vb0[1]+024 COLOR: 0, 0.282352954, 0.0980392173, 0.200000003
vb0[1]+028 TEXCOORD: 1.00000012, 0, 1.00000012, 0
vb0[1]+044 TEXCOORD1: 95.1876984, 12.3922348, 0.400000006, 0.600000024
vb0[1]+000 TEXCOORD2: 0.78039217, 0.53725493, 0.752941191, 0.772549033
vb0[1]+000 TEXCOORD3: 0.78039217, 0.53725493, 0.752941191, 0.772549033
vb0[1]+000 TANGENT: 0.78039217, 0.53725493, 0.752941191, 0.772549033

vb0[2]+000 POSITION: -5193.80322, 3650.1084, 3361.03247
vb0[2]+000 NORMAL: 0.427450985, 0.305882365, 0.635294139, 0.772549033
vb0[2]+024 COLOR: 0, 0.282352954, 0.0980392173, 0.200000003
vb0[2]+028 TEXCOORD: 0, 0, 0, 0
vb0[2]+044 TEXCOORD1: 95.1876984, 12.3922348, 0.400000006, 0.600000024
vb0[2]+000 TEXCOORD2: 0.427450985, 0.305882365, 0.635294139, 0.772549033
vb0[2]+000 TEXCOORD3: 0.427450985, 0.305882365, 0.635294139, 0.772549033
vb0[2]+000 TANGENT: 0.427450985, 0.305882365, 0.635294139, 0.772549033

vb0[3]+000 POSITION: -4491.84277, 4960.88232, 3122.9292
vb0[3]+000 NORMAL: 0.745098054, 0.368627459, 0.549019635, 0.772549033
vb0[3]+024 COLOR: 0, 0.282352954, 0.0980392173, 0.200000003
vb0[3]+028 TEXCOORD: 0, 1.00000012, 0, 1.00000012
vb0[3]+044 TEXCOORD1: 95.1876984, 12.3922348, 0.400000006, 0.600000024
vb0[3]+000 TEXCOORD2: 0.745098054, 0.368627459, 0.549019635, 0.772549033
vb0[3]+000 TEXCOORD3: 0.745098054, 0.368627459, 0.549019635, 0.772549033
vb0[3]+000 TANGENT: 0.745098054, 0.368627459, 0.549019635, 0.772549033

vb0[4]+000 POSITION: -5384.54834, 4362.48535, -1513.16333
vb0[4]+000 NORMAL: 0.388235301, 0.266666681, 0.65882355, 0.772549033
vb0[4]+024 COLOR: 0, 0.141176477, 0.0980392173, 0.200000003
vb0[4]+028 TEXCOORD: 1.00000012, 1.00000012, 1.00000012, 1.00000012
vb0[4]+044 TEXCOORD1: 95.1876984, 5.29471684, 0.400000006, 0.600000024
vb0[4]+000 TEXCOORD2: 0.388235301, 0.266666681, 0.65882355, 0.772549033
vb0[4]+000 TEXCOORD3: 0.388235301, 0.266666681, 0.65882355, 0.772549033
vb0[4]+000 TANGENT: 0.388235301, 0.266666681, 0.65882355, 0.772549033

vb0[5]+000 POSITION: -6044.58887, 2811.20361, -1492.83459
vb0[5]+000 NORMAL: 0.713725507, 0.894117653, 0.737254918, 0.772549033
vb0[5]+024 COLOR: 0, 0.141176477, 0.0980392173, 0.200000003
vb0[5]+028 TEXCOORD: 1.00000012, 0, 1.00000012, 0
vb0[5]+044 TEXCOORD1: 95.1876984, 5.29471684, 0.400000006, 0.600000024
vb0[5]+000 TEXCOORD2: 0.713725507, 0.894117653, 0.737254918, 0.772549033
vb0[5]+000 TEXCOORD3: 0.713725507, 0.894117653, 0.737254918, 0.772549033
vb0[5]+000 TANGENT: 0.713725507, 0.894117653, 0.737254918, 0.772549033

vb0[6]+000 POSITION: -5940.78418, 2811.20361, 1877.53503
vb0[6]+000 NORMAL: 0.274509817, 0.650980413, 0.725490212, 0.772549033
vb0[6]+024 COLOR: 0, 0.141176477, 0.0980392173, 0.200000003
vb0[6]+028 TEXCOORD: 0, 0, 0, 0
vb0[6]+044 TEXCOORD1: 95.1876984, 5.29471684, 0.400000006, 0.600000024
vb0[6]+000 TEXCOORD2: 0.274509817, 0.650980413, 0.725490212, 0.772549033
vb0[6]+000 TEXCOORD3: 0.274509817, 0.650980413, 0.725490212, 0.772549033
vb0[6]+000 TANGENT: 0.274509817, 0.650980413, 0.725490212, 0.772549033

vb0[7]+000 POSITION: -5280.74414, 4362.48535, 1857.2063
vb0[7]+000 NORMAL: 0.956862748, 0.0196078438, 0.647058845, 0.772549033
vb0[7]+024 COLOR: 0, 0.141176477, 0.0980392173, 0.200000003
vb0[7]+028 TEXCOORD: 0, 1.00000012, 0, 1.00000012
vb0[7]+044 TEXCOORD1: 95.1876984, 5.29471684, 0.400000006, 0.600000024
vb0[7]+000 TEXCOORD2: 0.956862748, 0.0196078438, 0.647058845, 0.772549033
vb0[7]+000 TEXCOORD3: 0.956862748, 0.0196078438, 0.647058845, 0.772549033
vb0[7]+000 TANGENT: 0.956862748, 0.0196078438, 0.647058845, 0.772549033

vb0[8]+000 POSITION: -4334.65918, 4590.41406, -3433.81348
vb0[8]+000 NORMAL: 0.274509817, 0.458823532, 0.529411793, 0.772549033
vb0[8]+024 COLOR: 0, 0.568627477, 0.0980392173, 0.200000003
vb0[8]+028 TEXCOORD: 1.00000012, 1.00000012, 1.00000012, 1.00000012
vb0[8]+044 TEXCOORD1: 95.1876984, 62.6824799, 0.400000006, 0.600000024
vb0[8]+000 TEXCOORD2: 0.274509817, 0.458823532, 0.529411793, 0.772549033
vb0[8]+000 TEXCOORD3: 0.274509817, 0.458823532, 0.529411793, 0.772549033
vb0[8]+000 TANGENT: 0.274509817, 0.458823532, 0.529411793, 0.772549033

vb0[9]+000 POSITION: -4960.8125, 3218.44287, -3691.65332
vb0[9]+000 NORMAL: 0.501960814, 0.0235294122, 0.607843161, 0.772549033
vb0[9]+024 COLOR: 0, 0.568627477, 0.0980392173, 0.200000003
vb0[9]+028 TEXCOORD: 1.00000012, 0, 1.00000012, 0
vb0[9]+044 TEXCOORD1: 95.1876984, 62.6824799, 0.400000006, 0.600000024
vb0[9]+000 TEXCOORD2: 0.501960814, 0.0235294122, 0.607843161, 0.772549033
vb0[9]+000 TEXCOORD3: 0.501960814, 0.0235294122, 0.607843161, 0.772549033
vb0[9]+000 TANGENT: 0.501960814, 0.0235294122, 0.607843161, 0.772549033

vb0[10]+000 POSITION: -6125.94238, 3218.44287, -862.185425
vb0[10]+000 NORMAL: 0.541176498, 0.435294122, 0.749019623, 0.772549033
vb0[10]+024 COLOR: 0, 0.568627477, 0.0980392173, 0.200000003
vb0[10]+028 TEXCOORD: 0, 0, 0, 0
vb0[10]+044 TEXCOORD1: 95.1876984, 62.6824799, 0.400000006, 0.600000024
vb0[10]+000 TEXCOORD2: 0.541176498, 0.435294122, 0.749019623, 0.772549033
vb0[10]+000 TEXCOORD3: 0.541176498, 0.435294122, 0.749019623, 0.772549033
vb0[10]+000 TANGENT: 0.541176498, 0.435294122, 0.749019623, 0.772549033

vb0[11]+000 POSITION: -5499.78906, 4590.41406, -604.345581
vb0[11]+000 NORMAL: 0.313725501, 0.870588243, 0.670588255, 0.772549033
vb0[11]+024 COLOR: 0, 0.568627477, 0.0980392173, 0.200000003
vb0[11]+028 TEXCOORD: 0, 1.00000012, 0, 1.00000012
vb0[11]+044 TEXCOORD1: 95.1876984, 62.6824799, 0.400000006, 0.600000024
vb0[11]+000 TEXCOORD2: 0.313725501, 0.870588243, 0.670588255, 0.772549033
vb0[11]+000 TEXCOORD3: 0.313725501, 0.870588243, 0.670588255, 0.772549033
vb0[11]+000 TANGENT: 0.313725501, 0.870588243, 0.670588255, 0.772549033

vb0[12]+000 POSITION: -2927.48975, 5380.33887, -4542.02246
vb0[12]+000 NORMAL: 0.839215696, 0.968627453, 0.211764708, 0.772549033
vb0[12]+024 COLOR: 0, 0.141176477, 0.0980392173, 0.200000003
vb0[12]+028 TEXCOORD: 1.00000012, 1.00000012, 1.00000012, 1.00000012
vb0[12]+044 TEXCOORD1: 95.1876984, 43.7929878, 0.400000006, 0.600000024
vb0[12]+000 TEXCOORD2: 0.839215696, 0.968627453, 0.211764708, 0.772549033
vb0[12]+000 TEXCOORD3: 0.839215696, 0.968627453, 0.211764708, 0.772549033
vb0[12]+000 TANGENT: 0.839215696, 0.968627453, 0.211764708, 0.772549033

vb0[13]+000 POSITION: -3501.80566, 4203.16846, -5061.17041
vb0[13]+000 NORMAL: 0.894117653, 0.862745106, 0.352941185, 0.772549033
vb0[13]+024 COLOR: 0, 0.141176477, 0.0980392173, 0.200000003
vb0[13]+028 TEXCOORD: 1.00000012, 0, 1.00000012, 0
vb0[13]+044 TEXCOORD1: 95.1876984, 43.7929878, 0.400000006, 0.600000024
vb0[13]+000 TEXCOORD2: 0.894117653, 0.862745106, 0.352941185, 0.772549033
vb0[13]+000 TEXCOORD3: 0.894117653, 0.862745106, 0.352941185, 0.772549033
vb0[13]+000 TANGENT: 0.894117653, 0.862745106, 0.352941185, 0.772549033

vb0[14]+000 POSITION: -5391.40234, 4203.16846, -2970.77344
vb0[14]+000 NORMAL: 0.219607845, 0.482352942, 0.65882355, 0.772549033
vb0[14]+024 COLOR: 0, 0.141176477, 0.0980392173, 0.200000003
vb0[14]+028 TEXCOORD: 0, 0, 0, 0
vb0[14]+044 TEXCOORD1: 95.1876984, 43.7929878, 0.400000006, 0.600000024
vb0[14]+000 TEXCOORD2: 0.219607845, 0.482352942, 0.65882355, 0.772549033
vb0[14]+000 TEXCOORD3: 0.219607845, 0.482352942, 0.65882355, 0.772549033
vb0[14]+000 TANGENT: 0.219607845, 0.482352942, 0.65882355, 0.772549033

vb0[15]+000 POSITION: -4817.08643, 5380.33887, -2451.62549
vb0[15]+000 NORMAL: 0.694117665, 0.533333361, 0.588235319, 0.772549033
vb0[15]+024 COLOR: 0, 0.141176477, 0.0980392173, 0.200000003
vb0[15]+028 TEXCOORD: 0, 1.00000012, 0, 1.00000012
vb0[15]+044 TEXCOORD1: 95.1876984, 43.7929878, 0.400000006, 0.600000024
vb0[15]+000 TEXCOORD2: 0.694117665, 0.533333361, 0.588235319, 0.772549033
vb0[15]+000 TEXCOORD3: 0.694117665, 0.533333361, 0.588235319, 0.772549033
vb0[15]+000 TANGENT: 0.694117665, 0.533333361, 0.588235319, 0.772549033

vb0[16]+000 POSITION: -1229.84949, 4722.76855, -5375.5459
vb0[16]+000 NORMAL: 0.184313729, 0.733333349, 0.600000024, 0.768627465
vb0[16]+024 COLOR: 0, 0.854901969, 0.0980392173, 0.200000003
vb0[16]+028 TEXCOORD: 1.00000012, 1.00000012, 1.00000012, 1.00000012
vb0[16]+044 TEXCOORD1: 95.1876984, 74.6969223, 0.400000006, 0.600000024
vb0[16]+000 TEXCOORD2: 0.184313729, 0.733333349, 0.600000024, 0.768627465
vb0[16]+000 TEXCOORD3: 0.184313729, 0.733333349, 0.600000024, 0.768627465
vb0[16]+000 TANGENT: 0.184313729, 0.733333349, 0.600000024, 0.768627465

vb0[17]+000 POSITION: -1619.50098, 3170.16187, -6020.82959
vb0[17]+000 NORMAL: 0.0313725509, 0.43921569, 0.792156875, 0.768627465
vb0[17]+024 COLOR: 0, 0.854901969, 0.0980392173, 0.200000003
vb0[17]+028 TEXCOORD: 1.00000012, 0, 1.00000012, 0
vb0[17]+044 TEXCOORD1: 95.1876984, 74.6969223, 0.400000006, 0.600000024
vb0[17]+000 TEXCOORD2: 0.0313725509, 0.43921569, 0.792156875, 0.768627465
vb0[17]+000 TEXCOORD3: 0.0313725509, 0.43921569, 0.792156875, 0.768627465
vb0[17]+000 TANGENT: 0.0313725509, 0.43921569, 0.792156875, 0.768627465

vb0[18]+000 POSITION: -4574.40869, 3170.16187, -4236.52295
vb0[18]+000 NORMAL: 0.270588249, 0.952941179, 0.556862772, 0.772549033
vb0[18]+024 COLOR: 0, 0.854901969, 0.0980392173, 0.200000003
vb0[18]+028 TEXCOORD: 0, 0, 0, 0
vb0[18]+044 TEXCOORD1: 95.1876984, 74.6969223, 0.400000006, 0.600000024
vb0[18]+000 TEXCOORD2: 0.270588249, 0.952941179, 0.556862772, 0.772549033
vb0[18]+000 TEXCOORD3: 0.270588249, 0.952941179, 0.556862772, 0.772549033
vb0[18]+000 TANGENT: 0.270588249, 0.952941179, 0.556862772, 0.772549033

vb0[19]+000 POSITION: -4184.75732, 4722.76855, -3591.23901
vb0[19]+000 NORMAL: 0.0588235296, 0.776470602, 0.509803951, 0.772549033
vb0[19]+024 COLOR: 0, 0.854901969, 0.0980392173, 0.200000003
vb0[19]+028 TEXCOORD: 0, 1.00000012, 0, 1.00000012
vb0[19]+044 TEXCOORD1: 95.1876984, 74.6969223, 0.400000006, 0.600000024
vb0[19]+000 TEXCOORD2: 0.0588235296, 0.776470602, 0.509803951, 0.772549033
vb0[19]+000 TEXCOORD3: 0.0588235296, 0.776470602, 0.509803951, 0.772549033
vb0[19]+000 TANGENT: 0.0588235296, 0.776470602, 0.509803951, 0.772549033

vb0[20]+000 POSITION: 473.530151, 4823.48926, -5472.65088
vb0[20]+000 NORMAL: 0.862745106, 0.764705896, 0.925490201, 0.262745112
vb0[20]+024 COLOR: 0, 1, 0.0980392173, 0.200000003
vb0[20]+028 TEXCOORD: 1.00000012, 1.00000012, 1.00000012, 1.00000012
vb0[20]+044 TEXCOORD1: 95.1876984, 42.5649681, 0.400000006, 0.600000024
vb0[20]+000 TEXCOORD2: 0.862745106, 0.764705896, 0.925490201, 0.262745112
vb0[20]+000 TEXCOORD3: 0.862745106, 0.764705896, 0.925490201, 0.262745112
vb0[20]+000 TANGENT: 0.862745106, 0.764705896, 0.925490201, 0.262745112

vb0[21]+000 POSITION: 295.12793, 3290.41479, -6226.87012
vb0[21]+000 NORMAL: 0.376470596, 0.564705908, 0.576470613, 0.262745112
vb0[21]+024 COLOR: 0, 1, 0.0980392173, 0.200000003
vb0[21]+028 TEXCOORD: 1.00000012, 0, 1.00000012, 0
vb0[21]+044 TEXCOORD1: 95.1876984, 42.5649681, 0.400000006, 0.600000024
vb0[21]+000 TEXCOORD2: 0.376470596, 0.564705908, 0.576470613, 0.262745112
vb0[21]+000 TEXCOORD3: 0.376470596, 0.564705908, 0.576470613, 0.262745112
vb0[21]+000 TANGENT: 0.376470596, 0.564705908, 0.576470613, 0.262745112

vb0[22]+000 POSITION: -3048.302, 3290.41479, -5436.01855
vb0[22]+000 NORMAL: 0.835294127, 0.517647088, 0.243137255, 0.772549033
vb0[22]+024 COLOR: 0, 1, 0.0980392173, 0.200000003
vb0[22]+028 TEXCOORD: 0, 0, 0, 0
vb0[22]+044 TEXCOORD1: 95.1876984, 42.5649681, 0.400000006, 0.600000024
vb0[22]+000 TEXCOORD2: 0.835294127, 0.517647088, 0.243137255, 0.772549033
vb0[22]+000 TEXCOORD3: 0.835294127, 0.517647088, 0.243137255, 0.772549033
vb0[22]+000 TANGENT: 0.835294127, 0.517647088, 0.243137255, 0.772549033

vb0[23]+000 POSITION: -2869.8999, 4823.48926, -4681.79932
vb0[23]+000 NORMAL: 0.400000006, 0.368627459, 0.200000003, 0.772549033
vb0[23]+024 COLOR: 0, 1, 0.0980392173, 0.200000003
vb0[23]+028 TEXCOORD: 0, 1.00000012, 0, 1.00000012
vb0[23]+044 TEXCOORD1: 95.1876984, 42.5649681, 0.400000006, 0.600000024
vb0[23]+000 TEXCOORD2: 0.400000006, 0.368627459, 0.200000003, 0.772549033
vb0[23]+000 TEXCOORD3: 0.400000006, 0.368627459, 0.200000003, 0.772549033
vb0[23]+000 TANGENT: 0.400000006, 0.368627459, 0.200000003, 0.772549033

vb0[24]+000 POSITION: 2313.08081, 4886.13525, -4971.03955
vb0[24]+000 NORMAL: 0.294117659, 0.568627477, 0.0627451017, 0.270588249
vb0[24]+024 COLOR: 0, 0.141176477, 0.0980392173, 0.200000003
vb0[24]+028 TEXCOORD: 1.00000012, 1.00000012, 1.00000012, 1.00000012
vb0[24]+044 TEXCOORD1: 95.1876984, 67.9360123, 0.400000006, 0.600000024
vb0[24]+000 TEXCOORD2: 0.294117659, 0.568627477, 0.0627451017, 0.270588249
vb0[24]+000 TEXCOORD3: 0.294117659, 0.568627477, 0.0627451017, 0.270588249
vb0[24]+000 TANGENT: 0.294117659, 0.568627477, 0.0627451017, 0.270588249

vb0[25]+000 POSITION: 2432.89111, 3648.42212, -5660.28564
vb0[25]+000 NORMAL: 0.258823544, 0.0549019612, 0.0941176489, 0.270588249
vb0[25]+024 COLOR: 0, 0.141176477, 0.0980392173, 0.200000003
vb0[25]+028 TEXCOORD: 1.00000012, 0, 1.00000012, 0
vb0[25]+044 TEXCOORD1: 95.1876984, 67.9360123, 0.400000006, 0.600000024
vb0[25]+000 TEXCOORD2: 0.258823544, 0.0549019612, 0.0941176489, 0.270588249
vb0[25]+000 TEXCOORD3: 0.258823544, 0.0549019612, 0.0941176489, 0.270588249
vb0[25]+000 TANGENT: 0.258823544, 0.0549019612, 0.0941176489, 0.270588249

vb0[26]+000 POSITION: -368.581543, 3648.42212, -6147.26025
vb0[26]+000 NORMAL: 0.43921569, 0.290196091, 0.721568644, 0.764705896
vb0[26]+024 COLOR: 0, 0.141176477, 0.0980392173, 0.200000003
vb0[26]+028 TEXCOORD: 0, 0, 0, 0
vb0[26]+044 TEXCOORD1: 95.1876984, 67.9360123, 0.400000006, 0.600000024
vb0[26]+000 TEXCOORD2: 0.43921569, 0.290196091, 0.721568644, 0.764705896
vb0[26]+000 TEXCOORD3: 0.43921569, 0.290196091, 0.721568644, 0.764705896
vb0[26]+000 TANGENT: 0.43921569, 0.290196091, 0.721568644, 0.764705896

vb0[27]+000 POSITION: -488.391846, 4886.13525, -5458.01416
vb0[27]+000 NORMAL: 0.156862751, 0.196078435, 0.956862748, 0.764705896
vb0[27]+024 COLOR: 0, 0.141176477, 0.0980392173, 0.200000003
vb0[27]+028 TEXCOORD: 0, 1.00000012, 0, 1.00000012
vb0[27]+044 TEXCOORD1: 95.1876984, 67.9360123, 0.400000006, 0.600000024
vb0[27]+000 TEXCOORD2: 0.156862751, 0.196078435, 0.956862748, 0.764705896
vb0[27]+000 TEXCOORD3: 0.156862751, 0.196078435, 0.956862748, 0.764705896
vb0[27]+000 TANGENT: 0.156862751, 0.196078435, 0.956862748, 0.764705896

vb0[28]+000 POSITION: 3833.31104, 5365.73047, -3790.74854
vb0[28]+000 NORMAL: 0.980392158, 0.580392182, 0.435294122, 0.270588249
vb0[28]+024 COLOR: 0, 0.282352954, 0.0980392173, 0.200000003
vb0[28]+028 TEXCOORD: 1.00000012, 1.00000012, 1.00000012, 1.00000012
vb0[28]+044 TEXCOORD1: 95.1876984, 61.4605675, 0.400000006, 0.600000024
vb0[28]+000 TEXCOORD2: 0.980392158, 0.580392182, 0.435294122, 0.270588249
vb0[28]+000 TEXCOORD3: 0.980392158, 0.580392182, 0.435294122, 0.270588249
vb0[28]+000 TANGENT: 0.980392158, 0.580392182, 0.435294122, 0.270588249

vb0[29]+000 POSITION: 4231.87354, 3985.63281, -4550.10449
vb0[29]+000 NORMAL: 0.992156863, 0.243137255, 0.517647088, 0.270588249
vb0[29]+024 COLOR: 0, 0.282352954, 0.0980392173, 0.200000003
vb0[29]+028 TEXCOORD: 1.00000012, 0, 1.00000012, 0
vb0[29]+044 TEXCOORD1: 95.1876984, 61.4605675, 0.400000006, 0.600000024
vb0[29]+000 TEXCOORD2: 0.992156863, 0.243137255, 0.517647088, 0.270588249
vb0[29]+000 TEXCOORD3: 0.992156863, 0.243137255, 0.517647088, 0.270588249
vb0[29]+000 TANGENT: 0.992156863, 0.243137255, 0.517647088, 0.270588249

vb0[30]+000 POSITION: 1354.43848, 3985.63281, -6060.38184
vb0[30]+000 NORMAL: 0.0313725509, 0.305882365, 0.662745118, 0.266666681
vb0[30]+024 COLOR: 0, 0.282352954, 0.0980392173, 0.200000003
vb0[30]+028 TEXCOORD: 0, 0, 0, 0
vb0[30]+044 TEXCOORD1: 95.1876984, 61.4605675, 0.400000006, 0.600000024
vb0[30]+000 TEXCOORD2: 0.0313725509, 0.305882365, 0.662745118, 0.266666681
vb0[30]+000 TEXCOORD3: 0.0313725509, 0.305882365, 0.662745118, 0.266666681
vb0[30]+000 TANGENT: 0.0313725509, 0.305882365, 0.662745118, 0.266666681

vb0[31]+000 POSITION: 955.875854, 5365.73047, -5301.02539
vb0[31]+000 NORMAL: 0.0549019612, 0.972549021, 0.431372553, 0.266666681
vb0[31]+024 COLOR: 0, 0.282352954, 0.0980392173, 0.200000003
vb0[31]+028 TEXCOORD: 0, 1.00000012, 0, 1.00000012
vb0[31]+044 TEXCOORD1: 95.1876984, 61.4605675, 0.400000006, 0.600000024
vb0[31]+000 TEXCOORD2: 0.0549019612, 0.972549021, 0.431372553, 0.266666681
vb0[31]+000 TEXCOORD3: 0.0549019612, 0.972549021, 0.431372553, 0.266666681
vb0[31]+000 TANGENT: 0.0549019612, 0.972549021, 0.431372553, 0.266666681

vb0[32]+000 POSITION: 5232.05566, 3909.75879, -2292.80786
vb0[32]+000 NORMAL: 0.447058827, 0.501960814, 0.639215708, 0.270588249
vb0[32]+024 COLOR: 0, 0.713725507, 0.0980392173, 0.200000003
vb0[32]+028 TEXCOORD: 1.00000012, 1.00000012, 1.00000012, 1.00000012
vb0[32]+044 TEXCOORD1: 95.1876984, 66.4934921, 0.400000006, 0.600000024
vb0[32]+000 TEXCOORD2: 0.447058827, 0.501960814, 0.639215708, 0.270588249
vb0[32]+000 TEXCOORD3: 0.447058827, 0.501960814, 0.639215708, 0.270588249
vb0[32]+000 TANGENT: 0.447058827, 0.501960814, 0.639215708, 0.270588249

vb0[33]+000 POSITION: 5645.23145, 2298.35767, -2653.14111
vb0[33]+000 NORMAL: 0.854901969, 0.411764711, 0.690196097, 0.270588249
vb0[33]+024 COLOR: 0, 0.713725507, 0.0980392173, 0.200000003
vb0[33]+028 TEXCOORD: 1.00000012, 0, 1.00000012, 0
vb0[33]+044 TEXCOORD1: 95.1876984, 66.4934921, 0.400000006, 0.600000024
vb0[33]+000 TEXCOORD2: 0.854901969, 0.411764711, 0.690196097, 0.270588249
vb0[33]+000 TEXCOORD3: 0.854901969, 0.411764711, 0.690196097, 0.270588249
vb0[33]+000 TANGENT: 0.854901969, 0.411764711, 0.690196097, 0.270588249

vb0[34]+000 POSITION: 3407.74731, 2298.35767, -5218.74756
vb0[34]+000 NORMAL: 0.960784316, 0.984313726, 0.329411775, 0.270588249
vb0[34]+024 COLOR: 0, 0.713725507, 0.0980392173, 0.200000003
vb0[34]+028 TEXCOORD: 0, 0, 0, 0
vb0[34]+044 TEXCOORD1: 95.1876984, 66.4934921, 0.400000006, 0.600000024
vb0[34]+000 TEXCOORD2: 0.960784316, 0.984313726, 0.329411775, 0.270588249
vb0[34]+000 TEXCOORD3: 0.960784316, 0.984313726, 0.329411775, 0.270588249
vb0[34]+000 TANGENT: 0.960784316, 0.984313726, 0.329411775, 0.270588249

vb0[35]+000 POSITION: 2994.57178, 3909.75879, -4858.41406
vb0[35]+000 NORMAL: 0.149019614, 0.160784319, 0.23137255, 0.270588249
vb0[35]+024 COLOR: 0, 0.713725507, 0.0980392173, 0.200000003
vb0[35]+028 TEXCOORD: 0, 1.00000012, 0, 1.00000012
vb0[35]+044 TEXCOORD1: 95.1876984, 66.4934921, 0.400000006, 0.600000024
vb0[35]+000 TEXCOORD2: 0.149019614, 0.160784319, 0.23137255, 0.270588249
vb0[35]+000 TEXCOORD3: 0.149019614, 0.160784319, 0.23137255, 0.270588249
vb0[35]+000 TANGENT: 0.149019614, 0.160784319, 0.23137255, 0.270588249

vb0[36]+000 POSITION: 5393.90967, 5393.67676, -431.105591
vb0[36]+000 NORMAL: 0.278431386, 0.56078434, 0.65882355, 0.270588249
vb0[36]+024 COLOR: 0, 1, 0.0980392173, 0.200000003
vb0[36]+028 TEXCOORD: 1.00000012, 1.00000012, 1.00000012, 1.00000012
vb0[36]+044 TEXCOORD1: 95.1876984, 71.6680374, 0.400000006, 0.600000024
vb0[36]+000 TEXCOORD2: 0.278431386, 0.56078434, 0.65882355, 0.270588249
vb0[36]+000 TEXCOORD3: 0.278431386, 0.56078434, 0.65882355, 0.270588249
vb0[36]+000 TANGENT: 0.278431386, 0.56078434, 0.65882355, 0.270588249

vb0[37]+000 POSITION: 6132.7334, 4195.76172, -700.332886
vb0[37]+000 NORMAL: 0.870588243, 0.647058845, 0.749019623, 0.270588249
vb0[37]+024 COLOR: 0, 1, 0.0980392173, 0.200000003
vb0[37]+028 TEXCOORD: 1.00000012, 0, 1.00000012, 0
vb0[37]+044 TEXCOORD1: 95.1876984, 71.6680374, 0.400000006, 0.600000024
vb0[37]+000 TEXCOORD2: 0.870588243, 0.647058845, 0.749019623, 0.270588249
vb0[37]+000 TEXCOORD3: 0.870588243, 0.647058845, 0.749019623, 0.270588249
vb0[37]+000 TANGENT: 0.870588243, 0.647058845, 0.749019623, 0.270588249

vb0[38]+000 POSITION: 5151.51758, 4195.76172, -3393.02539
vb0[38]+000 NORMAL: 0.141176477, 0.988235295, 0.627451003, 0.270588249
vb0[38]+024 COLOR: 0, 1, 0.0980392173, 0.200000003
vb0[38]+028 TEXCOORD: 0, 0, 0, 0
vb0[38]+044 TEXCOORD1: 95.1876984, 71.6680374, 0.400000006, 0.600000024
vb0[38]+000 TEXCOORD2: 0.141176477, 0.988235295, 0.627451003, 0.270588249
vb0[38]+000 TEXCOORD3: 0.141176477, 0.988235295, 0.627451003, 0.270588249
vb0[38]+000 TANGENT: 0.141176477, 0.988235295, 0.627451003, 0.270588249

vb0[39]+000 POSITION: 4412.69336, 5393.67676, -3123.79785
vb0[39]+000 NORMAL: 0.549019635, 0.898039222, 0.53725493, 0.270588249
vb0[39]+024 COLOR: 0, 1, 0.0980392173, 0.200000003
vb0[39]+028 TEXCOORD: 0, 1.00000012, 0, 1.00000012
vb0[39]+044 TEXCOORD1: 95.1876984, 71.6680374, 0.400000006, 0.600000024
vb0[39]+000 TEXCOORD2: 0.549019635, 0.898039222, 0.53725493, 0.270588249
vb0[39]+000 TEXCOORD3: 0.549019635, 0.898039222, 0.53725493, 0.270588249
vb0[39]+000 TANGENT: 0.549019635, 0.898039222, 0.53725493, 0.270588249

vb0[40]+000 POSITION: 5265.09277, 5077.31494, 1417.06592
vb0[40]+000 NORMAL: 0.745098054, 0.533333361, 0.643137276, 0.270588249
vb0[40]+024 COLOR: 0, 0.282352954, 0.0980392173, 0.200000003
vb0[40]+028 TEXCOORD: 1.00000012, 1.00000012, 1.00000012, 1.00000012
vb0[40]+044 TEXCOORD1: 95.1876984, 77.0328598, 0.400000006, 0.600000024
vb0[40]+000 TEXCOORD2: 0.745098054, 0.533333361, 0.643137276, 0.270588249
vb0[40]+000 TEXCOORD3: 0.745098054, 0.533333361, 0.643137276, 0.270588249
vb0[40]+000 TANGENT: 0.745098054, 0.533333361, 0.643137276, 0.270588249

vb0[41]+000 POSITION: 6063.88525, 3673.17822, 1385.54443
vb0[41]+000 NORMAL: 0.0823529437, 0.498039216, 0.741176486, 0.270588249
vb0[41]+024 COLOR: 0, 0.282352954, 0.0980392173, 0.200000003
vb0[41]+028 TEXCOORD: 1.00000012, 0, 1.00000012, 0
vb0[41]+044 TEXCOORD1: 95.1876984, 77.0328598, 0.400000006, 0.600000024
vb0[41]+000 TEXCOORD2: 0.0823529437, 0.498039216, 0.741176486, 0.270588249
vb0[41]+000 TEXCOORD3: 0.0823529437, 0.498039216, 0.741176486, 0.270588249
vb0[41]+000 TANGENT: 0.0823529437, 0.498039216, 0.741176486, 0.270588249

vb0[42]+000 POSITION: 5936.46436, 3673.17822, -1843.45239
vb0[42]+000 NORMAL: 0.717647076, 0.513725519, 0.725490212, 0.270588249
vb0[42]+024 COLOR: 0, 0.282352954, 0.0980392173, 0.200000003
vb0[42]+028 TEXCOORD: 0, 0, 0, 0
vb0[42]+044 TEXCOORD1: 95.1876984, 77.0328598, 0.400000006, 0.600000024
vb0[42]+000 TEXCOORD2: 0.717647076, 0.513725519, 0.725490212, 0.270588249
vb0[42]+000 TEXCOORD3: 0.717647076, 0.513725519, 0.725490212, 0.270588249
vb0[42]+000 TANGENT: 0.717647076, 0.513725519, 0.725490212, 0.270588249

vb0[43]+000 POSITION: 5137.67139, 5077.31494, -1811.93091
vb0[43]+000 NORMAL: 0.372549027, 0.552941203, 0.627451003, 0.270588249
vb0[43]+024 COLOR: 0, 0.282352954, 0.0980392173, 0.200000003
vb0[43]+028 TEXCOORD: 0, 1.00000012, 0, 1.00000012
vb0[43]+044 TEXCOORD1: 95.1876984, 77.0328598, 0.400000006, 0.600000024
vb0[43]+000 TEXCOORD2: 0.372549027, 0.552941203, 0.627451003, 0.270588249
vb0[43]+000 TEXCOORD3: 0.372549027, 0.552941203, 0.627451003, 0.270588249
vb0[43]+000 TANGENT: 0.372549027, 0.552941203, 0.627451003, 0.270588249

vb0[44]+000 POSITION: 4494.81641, 4222.125, 3403.74707
vb0[44]+000 NORMAL: 0.533333361, 0.4627451, 0.549019635, 0.270588249
vb0[44]+024 COLOR: 0, 0, 0.0980392173, 0.200000003
vb0[44]+028 TEXCOORD: 1.00000012, 1.00000012, 1.00000012, 1.00000012
vb0[44]+044 TEXCOORD1: 95.1876984, 50.3417854, 0.400000006, 0.600000024
vb0[44]+000 TEXCOORD2: 0.533333361, 0.4627451, 0.549019635, 0.270588249
vb0[44]+000 TEXCOORD3: 0.533333361, 0.4627451, 0.549019635, 0.270588249
vb0[44]+000 TANGENT: 0.533333361, 0.4627451, 0.549019635, 0.270588249

vb0[45]+000 POSITION: 5081.46436, 2673.24097, 3615.51709
vb0[45]+000 NORMAL: 0.717647076, 0.796078444, 0.619607866, 0.270588249
vb0[45]+024 COLOR: 0, 0, 0.0980392173, 0.200000003
vb0[45]+028 TEXCOORD: 1.00000012, 0, 1.00000012, 0
vb0[45]+044 TEXCOORD1: 95.1876984, 50.3417854, 0.400000006, 0.600000024
vb0[45]+000 TEXCOORD2: 0.717647076, 0.796078444, 0.619607866, 0.270588249
vb0[45]+000 TEXCOORD3: 0.717647076, 0.796078444, 0.619607866, 0.270588249
vb0[45]+000 TANGENT: 0.717647076, 0.796078444, 0.619607866, 0.270588249

vb0[46]+000 POSITION: 6215.34814, 2673.24097, 474.421509
vb0[46]+000 NORMAL: 0.788235307, 0.227450982, 0.760784328, 0.270588249
vb0[46]+024 COLOR: 0, 0, 0.0980392173, 0.200000003
vb0[46]+028 TEXCOORD: 0, 0, 0, 0
vb0[46]+044 TEXCOORD1: 95.1876984, 50.3417854, 0.400000006, 0.600000024
vb0[46]+000 TEXCOORD2: 0.788235307, 0.227450982, 0.760784328, 0.270588249
vb0[46]+000 TEXCOORD3: 0.788235307, 0.227450982, 0.760784328, 0.270588249
vb0[46]+000 TANGENT: 0.788235307, 0.227450982, 0.760784328, 0.270588249

vb0[47]+000 POSITION: 5628.70068, 4222.125, 262.651245
vb0[47]+000 NORMAL: 0.607843161, 0.898039222, 0.686274529, 0.270588249
vb0[47]+024 COLOR: 0, 0, 0.0980392173, 0.200000003
vb0[47]+028 TEXCOORD: 0, 1.00000012, 0, 1.00000012
vb0[47]+044 TEXCOORD1: 95.1876984, 50.3417854, 0.400000006, 0.600000024
vb0[47]+000 TEXCOORD2: 0.607843161, 0.898039222, 0.686274529, 0.270588249
vb0[47]+000 TEXCOORD3: 0.607843161, 0.898039222, 0.686274529, 0.270588249
vb0[47]+000 TANGENT: 0.607843161, 0.898039222, 0.686274529, 0.270588249

vb0[48]+000 POSITION: 3250.80591, 4962.22852, 4439.25684
vb0[48]+000 NORMAL: 0.898039222, 0.172549024, 0.294117659, 0.270588249
vb0[48]+024 COLOR: 0, 0.854901969, 0.0980392173, 0.200000003
vb0[48]+028 TEXCOORD: 1.00000012, 1.00000012, 1.00000012, 1.00000012
vb0[48]+044 TEXCOORD1: 95.1876984, 30.5870876, 0.400000006, 0.600000024
vb0[48]+000 TEXCOORD2: 0.898039222, 0.172549024, 0.294117659, 0.270588249
vb0[48]+000 TEXCOORD3: 0.898039222, 0.172549024, 0.294117659, 0.270588249
vb0[48]+000 TANGENT: 0.898039222, 0.172549024, 0.294117659, 0.270588249

vb0[49]+000 POSITION: 3749.80981, 3875.32422, 4864.21191
vb0[49]+000 NORMAL: 0.960784316, 0.360784322, 0.41568628, 0.270588249
vb0[49]+024 COLOR: 0, 0.854901969, 0.0980392173, 0.200000003
vb0[49]+028 TEXCOORD: 1.00000012, 0, 1.00000012, 0
vb0[49]+044 TEXCOORD1: 95.1876984, 30.5870876, 0.400000006, 0.600000024
vb0[49]+000 TEXCOORD2: 0.960784316, 0.360784322, 0.41568628, 0.270588249
vb0[49]+000 TEXCOORD3: 0.960784316, 0.360784322, 0.41568628, 0.270588249
vb0[49]+000 TANGENT: 0.960784316, 0.360784322, 0.41568628, 0.270588249

vb0[50]+000 POSITION: 5395.64551, 3875.32422, 2931.58691
vb0[50]+000 NORMAL: 0.164705887, 0.615686297, 0.65882355, 0.270588249
vb0[50]+024 COLOR: 0, 0.854901969, 0.0980392173, 0.200000003
vb0[50]+028 TEXCOORD: 0, 0, 0, 0
vb0[50]+044 TEXCOORD1: 95.1876984, 30.5870876, 0.400000006, 0.600000024
vb0[50]+000 TEXCOORD2: 0.164705887, 0.615686297, 0.65882355, 0.270588249
vb0[50]+000 TEXCOORD3: 0.164705887, 0.615686297, 0.65882355, 0.270588249
vb0[50]+000 TANGENT: 0.164705887, 0.615686297, 0.65882355, 0.270588249

vb0[51]+000 POSITION: 4896.6416, 4962.22852, 2506.63232
vb0[51]+000 NORMAL: 0.13333334, 0.0196078438, 0.600000024, 0.270588249
vb0[51]+024 COLOR: 0, 0.854901969, 0.0980392173, 0.200000003
vb0[51]+028 TEXCOORD: 0, 1.00000012, 0, 1.00000012
vb0[51]+044 TEXCOORD1: 95.1876984, 30.5870876, 0.400000006, 0.600000024
vb0[51]+000 TEXCOORD2: 0.13333334, 0.0196078438, 0.600000024, 0.270588249
vb0[51]+000 TEXCOORD3: 0.13333334, 0.0196078438, 0.600000024, 0.270588249
vb0[51]+000 TANGENT: 0.13333334, 0.0196078438, 0.600000024, 0.270588249

vb0[52]+000 POSITION: 1425.15222, 4042.16211, 5502.06787
vb0[52]+000 NORMAL: 0.874509811, 0.141176477, 0.698039234, 0.266666681
vb0[52]+024 COLOR: 0, 0.427450985, 0.0980392173, 0.200000003
vb0[52]+028 TEXCOORD: 1.00000012, 1.00000012, 1.00000012, 1.00000012
vb0[52]+044 TEXCOORD1: 95.1876984, 27.3823185, 0.400000006, 0.600000024
vb0[52]+000 TEXCOORD2: 0.874509811, 0.141176477, 0.698039234, 0.266666681
vb0[52]+000 TEXCOORD3: 0.874509811, 0.141176477, 0.698039234, 0.266666681
vb0[52]+000 TANGENT: 0.874509811, 0.141176477, 0.698039234, 0.266666681

vb0[53]+000 POSITION: 1730.86255, 2461.09888, 5995.86719
vb0[53]+000 NORMAL: 0.603921592, 0.356862754, 0.847058833, 0.266666681
vb0[53]+024 COLOR: 0, 0.427450985, 0.0980392173, 0.200000003
vb0[53]+028 TEXCOORD: 1.00000012, 0, 1.00000012, 0
vb0[53]+044 TEXCOORD1: 95.1876984, 27.3823185, 0.400000006, 0.600000024
vb0[53]+000 TEXCOORD2: 0.603921592, 0.356862754, 0.847058833, 0.266666681
vb0[53]+000 TEXCOORD3: 0.603921592, 0.356862754, 0.847058833, 0.266666681
vb0[53]+000 TANGENT: 0.603921592, 0.356862754, 0.847058833, 0.266666681

vb0[54]+000 POSITION: 4595.09766, 2461.09888, 4222.625
vb0[54]+000 NORMAL: 0.784313738, 0.596078455, 0.56078434, 0.270588249
vb0[54]+024 COLOR: 0, 0.427450985, 0.0980392173, 0.200000003
vb0[54]+028 TEXCOORD: 0, 0, 0, 0
vb0[54]+044 TEXCOORD1: 95.1876984, 27.3823185, 0.400000006, 0.600000024
vb0[54]+000 TEXCOORD2: 0.784313738, 0.596078455, 0.56078434, 0.270588249
vb0[54]+000 TEXCOORD3: 0.784313738, 0.596078455, 0.56078434, 0.270588249
vb0[54]+000 TANGENT: 0.784313738, 0.596078455, 0.56078434, 0.270588249

vb0[55]+000 POSITION: 4289.3877, 4042.16211, 3728.8252
vb0[55]+000 NORMAL: 0.101960786, 0.0431372561, 0.525490224, 0.270588249
vb0[55]+024 COLOR: 0, 0.427450985, 0.0980392173, 0.200000003
vb0[55]+028 TEXCOORD: 0, 1.00000012, 0, 1.00000012
vb0[55]+044 TEXCOORD1: 95.1876984, 27.3823185, 0.400000006, 0.600000024
vb0[55]+000 TEXCOORD2: 0.101960786, 0.0431372561, 0.525490224, 0.270588249
vb0[55]+000 TEXCOORD3: 0.101960786, 0.0431372561, 0.525490224, 0.270588249
vb0[55]+000 TANGENT: 0.101960786, 0.0431372561, 0.525490224, 0.270588249

vb0[56]+000 POSITION: -793.252563, 4013.50488, 5615.19189
vb0[56]+000 NORMAL: 0.164705887, 0.313725501, 0.274509817, 0.768627465
vb0[56]+024 COLOR: 0, 0.282352954, 0.0980392173, 0.200000003
vb0[56]+028 TEXCOORD: 1.00000012, 1.00000012, 1.00000012, 1.00000012
vb0[56]+044 TEXCOORD1: 95.1876984, 38.6057777, 0.400000006, 0.600000024
vb0[56]+000 TEXCOORD2: 0.164705887, 0.313725501, 0.274509817, 0.768627465
vb0[56]+000 TEXCOORD3: 0.164705887, 0.313725501, 0.274509817, 0.768627465
vb0[56]+000 TANGENT: 0.164705887, 0.313725501, 0.274509817, 0.768627465

vb0[57]+000 POSITION: -714.093018, 2535.67676, 6170.79883
vb0[57]+000 NORMAL: 0.956862748, 0.521568656, 0.196078435, 0.768627465
vb0[57]+024 COLOR: 0, 0.282352954, 0.0980392173, 0.200000003
vb0[57]+028 TEXCOORD: 1.00000012, 0, 1.00000012, 0
vb0[57]+044 TEXCOORD1: 95.1876984, 38.6057777, 0.400000006, 0.600000024
vb0[57]+000 TEXCOORD2: 0.956862748, 0.521568656, 0.196078435, 0.768627465
vb0[57]+000 TEXCOORD3: 0.956862748, 0.521568656, 0.196078435, 0.768627465
vb0[57]+000 TANGENT: 0.956862748, 0.521568656, 0.196078435, 0.768627465

vb0[58]+000 POSITION: 2415.90698, 2535.67676, 5724.85547
vb0[58]+000 NORMAL: 0.513725519, 0.996078432, 0.0862745121, 0.270588249
vb0[58]+024 COLOR: 0, 0.282352954, 0.0980392173, 0.200000003
vb0[58]+028 TEXCOORD: 0, 0, 0, 0
vb0[58]+044 TEXCOORD1: 95.1876984, 38.6057777, 0.400000006, 0.600000024
vb0[58]+000 TEXCOORD2: 0.513725519, 0.996078432, 0.0862745121, 0.270588249
vb0[58]+000 TEXCOORD3: 0.513725519, 0.996078432, 0.0862745121, 0.270588249
vb0[58]+000 TANGENT: 0.513725519, 0.996078432, 0.0862745121, 0.270588249

vb0[59]+000 POSITION: 2336.74756, 4013.50488, 5169.24854
vb0[59]+000 NORMAL: 0.964705884, 0.0431372561, 0.0705882385, 0.270588249
vb0[59]+024 COLOR: 0, 0.282352954, 0.0980392173, 0.200000003
vb0[59]+028 TEXCOORD: 0, 1.00000012, 0, 1.00000012
vb0[59]+044 TEXCOORD1: 95.1876984, 38.6057777, 0.400000006, 0.600000024
vb0[59]+000 TEXCOORD2: 0.964705884, 0.0431372561, 0.0705882385, 0.270588249
vb0[59]+000 TEXCOORD3: 0.964705884, 0.0431372561, 0.0705882385, 0.270588249
vb0[59]+000 TANGENT: 0.964705884, 0.0431372561, 0.0705882385, 0.270588249

vb0[60]+000 POSITION: -2349.82861, 3643.16138, 5229.61719
vb0[60]+000 NORMAL: 0.258823544, 0.866666675, 0.0705882385, 0.772549033
vb0[60]+024 COLOR: 0, 0.427450985, 0.0980392173, 0.200000003
vb0[60]+028 TEXCOORD: 1.00000012, 1.00000012, 1.00000012, 1.00000012
vb0[60]+044 TEXCOORD1: 95.1876984, 1.68129253, 0.400000006, 0.600000024
vb0[60]+000 TEXCOORD2: 0.258823544, 0.866666675, 0.0705882385, 0.772549033
vb0[60]+000 TEXCOORD3: 0.258823544, 0.866666675, 0.0705882385, 0.772549033
vb0[60]+000 TANGENT: 0.258823544, 0.866666675, 0.0705882385, 0.772549033

vb0[61]+000 POSITION: -2425.72559, 2252.50781, 5685.83936
vb0[61]+000 NORMAL: 0.611764729, 0.607843161, 0.0901960805, 0.772549033
vb0[61]+024 COLOR: 0, 0.427450985, 0.0980392173, 0.200000003
vb0[61]+028 TEXCOORD: 1.00000012, 0, 1.00000012, 0
vb0[61]+044 TEXCOORD1: 95.1876984, 1.68129253, 0.400000006, 0.600000024
vb0[61]+000 TEXCOORD2: 0.611764729, 0.607843161, 0.0901960805, 0.772549033
vb0[61]+000 TEXCOORD3: 0.611764729, 0.607843161, 0.0901960805, 0.772549033
vb0[61]+000 TANGENT: 0.611764729, 0.607843161, 0.0901960805, 0.772549033

vb0[62]+000 POSITION: 465.623657, 2252.50781, 6166.84326
vb0[62]+000 NORMAL: 0.831372559, 0.811764717, 0.909803927, 0.262745112
vb0[62]+024 COLOR: 0, 0.427450985, 0.0980392173, 0.200000003
vb0[62]+028 TEXCOORD: 0, 0, 0, 0
vb0[62]+044 TEXCOORD1: 95.1876984, 1.68129253, 0.400000006, 0.600000024
vb0[62]+000 TEXCOORD2: 0.831372559, 0.811764717, 0.909803927, 0.262745112
vb0[62]+000 TEXCOORD3: 0.831372559, 0.811764717, 0.909803927, 0.262745112
vb0[62]+000 TANGENT: 0.831372559, 0.811764717, 0.909803927, 0.262745112

vb0[63]+000 POSITION: 541.52063, 3643.16138, 5710.62158
vb0[63]+000 NORMAL: 0.321568638, 0.380392164, 0.0274509806, 0.266666681
vb0[63]+024 COLOR: 0, 0.427450985, 0.0980392173, 0.200000003
vb0[63]+028 TEXCOORD: 0, 1.00000012, 0, 1.00000012
vb0[63]+044 TEXCOORD1: 95.1876984, 1.68129253, 0.400000006, 0.600000024
vb0[63]+000 TEXCOORD2: 0.321568638, 0.380392164, 0.0274509806, 0.266666681
vb0[63]+000 TEXCOORD3: 0.321568638, 0.380392164, 0.0274509806, 0.266666681
vb0[63]+000 TANGENT: 0.321568638, 0.380392164, 0.0274509806, 0.266666681

vb0[64]+000 POSITION: -3754.91919, 4859.11084, 4011.54688
vb0[64]+000 NORMAL: 0.709803939, 0.68235296, 0.41568628, 0.772549033
vb0[64]+024 COLOR: 0, 0.141176477, 0.0980392173, 0.200000003
vb0[64]+028 TEXCOORD: 1.00000012, 1.00000012, 1.00000012, 1.00000012
vb0[64]+044 TEXCOORD1: 95.1876984, 55.8579407, 0.400000006, 0.600000024
vb0[64]+000 TEXCOORD2: 0.709803939, 0.68235296, 0.41568628, 0.772549033
vb0[64]+000 TEXCOORD3: 0.709803939, 0.68235296, 0.41568628, 0.772549033
vb0[64]+000 TANGENT: 0.709803939, 0.68235296, 0.41568628, 0.772549033

vb0[65]+000 POSITION: -4083.36621, 3616.12598, 4625.01172
vb0[65]+000 NORMAL: 0.862745106, 0.20784314, 0.498039216, 0.772549033
vb0[65]+024 COLOR: 0, 0.141176477, 0.0980392173, 0.200000003
vb0[65]+028 TEXCOORD: 1.00000012, 0, 1.00000012, 0
vb0[65]+044 TEXCOORD1: 95.1876984, 55.8579407, 0.400000006, 0.600000024
vb0[65]+000 TEXCOORD2: 0.862745106, 0.20784314, 0.498039216, 0.772549033
vb0[65]+000 TEXCOORD3: 0.862745106, 0.20784314, 0.498039216, 0.772549033
vb0[65]+000 TANGENT: 0.862745106, 0.20784314, 0.498039216, 0.772549033

vb0[66]+000 POSITION: -1571.68018, 3616.12598, 5969.75977
vb0[66]+000 NORMAL: 0.768627465, 0.458823532, 0.768627465, 0.768627465
vb0[66]+024 COLOR: 0, 0.141176477, 0.0980392173, 0.200000003
vb0[66]+028 TEXCOORD: 0, 0, 0, 0
vb0[66]+044 TEXCOORD1: 95.1876984, 55.8579407, 0.400000006, 0.600000024
vb0[66]+000 TEXCOORD2: 0.768627465, 0.458823532, 0.768627465, 0.768627465
vb0[66]+000 TEXCOORD3: 0.768627465, 0.458823532, 0.768627465, 0.768627465
vb0[66]+000 TANGENT: 0.768627465, 0.458823532, 0.768627465, 0.768627465

vb0[67]+000 POSITION: -1243.23315, 4859.11084, 5356.29492
vb0[67]+000 NORMAL: 0.4627451, 0.403921574, 0.607843161, 0.768627465
vb0[67]+024 COLOR: 0, 0.141176477, 0.0980392173, 0.200000003
vb0[67]+028 TEXCOORD: 0, 1.00000012, 0, 1.00000012
vb0[67]+044 TEXCOORD1: 95.1876984, 55.8579407, 0.400000006, 0.600000024
vb0[67]+000 TEXCOORD2: 0.4627451, 0.403921574, 0.607843161, 0.768627465
vb0[67]+000 TEXCOORD3: 0.4627451, 0.403921574, 0.607843161, 0.768627465
vb0[67]+000 TANGENT: 0.4627451, 0.403921574, 0.607843161, 0.768627465

vb0[68]+000 POSITION: -5019.32178, 4890.44043, 2200.45996
vb0[68]+000 NORMAL: 0.576470613, 0.854901969, 0.611764729, 0.772549033
vb0[68]+024 COLOR: 0, 0.713725507, 0.0980392173, 0.200000003
vb0[68]+028 TEXCOORD: 1.00000012, 1.00000012, 1.00000012, 1.00000012
vb0[68]+044 TEXCOORD1: 95.1876984, 42.5318184, 0.400000006, 0.600000024
vb0[68]+000 TEXCOORD2: 0.576470613, 0.854901969, 0.611764729, 0.772549033
vb0[68]+000 TEXCOORD3: 0.576470613, 0.854901969, 0.611764729, 0.772549033
vb0[68]+000 TANGENT: 0.576470613, 0.854901969, 0.611764729, 0.772549033

vb0[69]+000 POSITION: -5594.9541, 3479.39038, 2693.2981
vb0[69]+000 NORMAL: 0.635294139, 0.843137264, 0.68235296, 0.772549033
vb0[69]+024 COLOR: 0, 0.713725507, 0.0980392173, 0.200000003
vb0[69]+028 TEXCOORD: 1.00000012, 0, 1.00000012, 0
vb0[69]+044 TEXCOORD1: 95.1876984, 42.5318184, 0.400000006, 0.600000024
vb0[69]+000 TEXCOORD2: 0.635294139, 0.843137264, 0.68235296, 0.772549033
vb0[69]+000 TEXCOORD3: 0.635294139, 0.843137264, 0.68235296, 0.772549033
vb0[69]+000 TANGENT: 0.635294139, 0.843137264, 0.68235296, 0.772549033

vb0[70]+000 POSITION: -3511.63281, 3479.39038, 5126.60645
vb0[70]+000 NORMAL: 0.125490203, 0.478431374, 0.356862754, 0.772549033
vb0[70]+024 COLOR: 0, 0.713725507, 0.0980392173, 0.200000003
vb0[70]+028 TEXCOORD: 0, 0, 0, 0
vb0[70]+044 TEXCOORD1: 95.1876984, 42.5318184, 0.400000006, 0.600000024
vb0[70]+000 TEXCOORD2: 0.125490203, 0.478431374, 0.356862754, 0.772549033
vb0[70]+000 TEXCOORD3: 0.125490203, 0.478431374, 0.356862754, 0.772549033
vb0[70]+000 TANGENT: 0.125490203, 0.478431374, 0.356862754, 0.772549033

vb0[71]+000 POSITION: -2936.00049, 4890.44043, 4633.76855
vb0[71]+000 NORMAL: 0.00784313772, 0.501960814, 0.215686277, 0.772549033
vb0[71]+024 COLOR: 0, 0.713725507, 0.0980392173, 0.200000003
vb0[71]+028 TEXCOORD: 0, 1.00000012, 0, 1.00000012
vb0[71]+044 TEXCOORD1: 95.1876984, 42.5318184, 0.400000006, 0.600000024
vb0[71]+000 TEXCOORD2: 0.00784313772, 0.501960814, 0.215686277, 0.772549033
vb0[71]+000 TEXCOORD3: 0.00784313772, 0.501960814, 0.215686277, 0.772549033
vb0[71]+000 TANGENT: 0.00784313772, 0.501960814, 0.215686277, 0.772549033
