byte offset: 0
first index: 0
index count: 4902
topology: trianglelist
format: DXGI_FORMAT_R16_UINT

0 1 2
1 3 2
3 4 2
4 0 2
5 4 3
5 6 4
1 7 3
8 7 1
8 1 9
9 1 10
9 10 11
11 10 12
11 12 13
14 5 3
14 3 7
8 15 7
15 14 7
8 16 15
17 16 8
9 17 8
18 15 16
18 16 19
18 19 20
20 19 21
18 20 22
20 23 22
20 24 23
25 23 24
25 24 26
26 24 27
20 27 24
26 27 28
29 26 28
29 28 30
25 31 23
31 22 23
25 32 31
32 33 31
32 34 33
35 25 26
35 26 29
29 36 35
29 37 36
30 37 29
38 32 25
38 25 35
38 34 32
39 38 35
39 35 36
38 40 34
41 38 39
39 42 41
43 41 42
39 44 42
44 39 36
37 45 36
37 46 45
46 37 47
37 48 47
46 47 49
30 48 37
50 46 49
50 49 51
52 41 43
52 53 41
53 40 38
53 38 41
40 53 54
55 53 52
55 56 53
53 56 54
57 56 55
57 58 56
57 59 58
59 57 60
59 60 61
61 60 62
63 61 62
64 61 63
64 59 61
63 65 64
64 65 66
64 66 67
67 66 68
67 68 69
67 69 70
69 71 70
67 70 72
73 72 70
73 74 72
74 73 75
75 73 76
75 76 77
14 77 76
14 76 5
78 77 14
15 78 14
78 79 77
80 79 78
15 80 78
80 81 79
81 80 82
33 81 82
81 33 83
83 79 81
34 83 33
83 34 40
33 82 31
31 82 22
22 82 80
15 18 80
22 80 18
83 84 79
77 79 84
77 84 75
75 84 85
75 85 74
74 85 86
74 86 72
87 85 84
87 84 83
40 87 83
87 86 85
88 72 86
88 67 72
89 67 88
89 64 67
64 89 59
87 90 86
58 88 86
58 86 90
89 58 59
58 89 88
56 58 90
54 56 90
54 90 87
40 54 87
91 44 36
91 36 45
92 91 45
92 45 46
93 92 46
93 46 50
94 93 50
94 50 51
93 94 95
93 95 96
97 96 95
93 96 98
93 98 92
99 96 97
96 99 100
96 100 98
98 100 101
98 101 92
101 91 92
101 102 91
103 91 102
103 44 91
104 103 102
104 102 101
104 101 100
105 44 103
105 42 44
105 43 42
43 105 106
107 43 106
107 52 43
52 107 108
52 108 55
55 108 109
55 109 57
57 109 110
57 110 60
60 110 111
112 111 110
112 113 111
111 113 114
111 114 115
115 116 111
60 111 116
60 116 62
117 112 110
118 112 117
118 113 112
108 119 109
120 119 108
121 119 120
120 108 107
120 107 122
123 118 117
123 119 121
123 124 118
125 123 121
123 109 119
123 117 110
123 110 109
124 126 118
118 126 113
113 126 127
113 127 114
128 126 124
129 128 124
129 124 123
129 123 125
129 130 128
106 122 107
106 131 122
105 131 106
105 132 131
132 105 103
104 132 103
104 133 132
134 133 104
134 104 100
135 134 100
135 100 99
136 135 99
136 99 137
137 99 97
138 136 137
139 134 135
139 135 136
140 139 136
140 136 138
141 140 138
141 138 142
142 138 143
137 143 138
144 133 134
144 134 139
145 140 141
145 144 139
145 139 140
144 132 133
144 146 132
132 146 131
146 122 131
146 147 122
122 147 120
148 120 147
121 120 148
121 148 149
150 148 147
146 150 147
149 125 121
149 151 125
125 151 129
152 146 144
152 144 145
153 152 145
154 153 145
154 145 141
155 154 141
154 155 156
156 153 154
155 157 156
155 141 142
143 155 142
156 158 153
153 159 152
158 159 153
159 158 160
159 160 161
161 162 159
162 152 159
163 162 161
160 163 161
163 164 162
165 162 164
162 165 166
162 166 152
166 146 152
146 166 150
167 150 166
165 167 166
168 150 167
168 148 150
168 149 148
168 169 149
170 169 168
167 170 168
171 169 170
171 149 169
171 170 172
167 173 170
173 172 170
171 151 149
173 174 172
174 171 172
175 174 173
175 173 176
173 167 177
173 177 176
177 167 165
177 165 164
178 177 164
174 179 171
174 180 179
181 180 174
179 182 171
151 171 182
179 183 182
180 183 179
180 184 183
177 178 185
177 185 176
185 186 176
186 175 176
186 187 175
187 181 174
187 174 175
188 187 186
188 186 185
163 178 164
163 189 178
190 188 185
190 191 188
192 190 185
192 185 178
178 189 192
193 190 192
190 193 191
193 192 194
189 194 192
195 193 194
193 195 196
193 196 197
163 198 189
160 198 163
199 198 160
199 160 158
199 158 200
200 158 156
200 156 201
157 201 156
202 201 157
203 202 157
203 157 204
157 205 204
206 204 205
206 205 207
208 206 207
206 208 209
210 206 209
210 209 211
212 206 210
212 204 206
208 207 213
214 208 213
215 208 214
215 209 208
215 214 216
217 216 214
217 214 218
218 137 217
219 137 218
214 213 219
214 219 218
207 219 213
137 219 143
219 220 143
220 219 207
220 207 205
157 220 205
220 157 155
220 155 143
210 221 212
212 221 222
212 222 204
203 204 222
223 203 222
223 222 221
223 221 224
223 224 225
226 203 223
226 227 203
203 227 202
228 202 227
228 201 202
229 226 223
229 223 225
230 226 229
230 229 231
232 226 230
231 232 230
232 233 226
227 226 233
227 233 228
231 234 232
228 200 201
228 235 200
233 235 228
199 200 235
199 235 236
198 199 236
237 236 235
237 198 236
233 238 235
232 238 233
238 237 235
232 239 238
189 198 237
189 237 240
194 189 240
194 240 241
240 242 241
241 242 195
241 195 194
243 195 242
243 242 244
240 245 242
242 245 246
247 246 245
248 247 245
245 249 248
250 249 245
240 250 245
250 251 249
249 251 252
249 252 253
240 254 250
250 254 255
250 255 251
255 254 238
254 237 238
240 237 254
255 238 239
255 256 251
256 255 239
257 256 239
257 239 232
258 257 232
258 232 234
259 258 234
259 234 260
231 260 234
231 261 260
229 261 231
262 261 229
262 229 225
262 225 224
262 224 263
264 263 224
264 224 265
266 265 224
266 224 221
267 266 221
210 267 221
267 210 211
263 264 268
264 269 268
264 270 269
270 265 266
270 264 265
267 270 266
267 271 270
211 271 267
211 272 271
273 272 211
211 209 273
215 273 209
274 273 215
274 215 275
275 215 216
276 275 216
276 216 217
277 276 217
277 217 137
97 277 137
95 277 97
277 95 278
278 95 94
278 94 279
280 279 94
280 94 51
51 281 280
281 279 280
51 49 281
282 281 49
282 49 47
283 282 47
283 47 48
283 48 30
283 30 284
285 284 30
285 30 28
285 28 286
286 28 27
286 27 287
20 287 27
287 20 288
288 20 21
289 288 21
289 21 290
290 21 19
290 19 291
291 19 16
291 16 17
291 17 292
9 292 17
293 292 9
293 9 11
293 11 13
294 287 288
289 294 288
294 286 287
285 286 294
285 294 295
285 295 296
285 296 284
283 284 296
283 296 297
282 283 297
282 297 298
298 281 282
281 298 299
281 299 279
278 279 299
278 299 300
300 277 278
301 277 300
301 276 277
276 301 302
302 275 276
275 302 303
275 303 274
304 274 303
304 273 274
273 304 272
305 272 304
272 305 306
272 306 271
305 304 307
306 270 271
306 308 270
270 308 269
304 303 309
304 309 307
303 310 309
302 310 303
302 311 310
301 311 302
301 312 311
301 300 312
299 312 300
299 313 312
299 314 313
299 298 314
297 314 298
297 315 314
296 315 297
296 316 315
295 316 296
295 317 316
295 318 317
295 294 318
319 318 294
289 319 294
289 320 319
289 290 320
290 321 320
290 291 321
291 322 321
291 292 322
293 322 292
293 323 322
13 323 293
13 324 323
324 13 325
13 326 325
325 326 327
327 326 328
12 328 326
13 12 326
12 329 328
10 329 12
10 330 329
330 10 1
330 1 0
329 331 328
331 329 330
331 327 328
331 330 332
331 333 327
334 333 331
331 332 334
333 334 335
335 336 333
335 337 336
338 337 335
338 339 337
340 334 332
340 341 334
339 338 341
335 334 341
335 341 338
342 341 340
342 343 341
341 343 344
339 341 344
332 345 340
332 346 345
330 346 332
330 0 346
340 345 347
340 347 342
0 348 346
0 349 348
4 349 0
4 6 349
348 349 6
348 6 350
345 351 347
345 352 351
346 348 352
346 352 345
352 348 350
351 352 353
351 353 354
355 352 350
355 353 352
356 355 350
356 350 6
76 356 6
76 6 5
76 357 356
76 73 357
73 358 357
73 70 358
357 358 359
357 359 360
360 355 356
360 356 357
361 359 358
361 358 362
362 358 71
71 358 70
362 71 363
69 363 71
69 364 363
363 364 362
68 364 69
365 360 359
365 359 366
361 366 359
365 367 360
368 361 362
368 362 364
361 368 366
68 369 364
369 368 364
370 369 68
370 68 371
66 371 68
66 65 371
372 371 65
65 373 372
65 374 373
63 374 65
375 374 63
375 63 376
62 376 63
62 377 376
371 372 378
371 378 370
379 369 370
380 368 369
380 369 379
368 380 381
368 381 366
382 366 381
382 365 366
365 382 383
383 367 365
383 384 367
384 355 367
367 355 360
355 384 353
383 385 384
385 353 384
385 354 353
385 351 354
385 386 351
381 387 382
381 388 387
388 381 380
388 380 389
379 389 380
388 390 387
351 386 391
351 391 347
347 391 392
347 392 342
343 342 392
343 392 393
343 393 394
343 394 344
339 344 394
339 394 395
337 339 395
337 395 396
396 336 337
397 336 396
397 398 336
398 333 336
398 399 333
399 327 333
399 400 327
401 327 400
325 327 401
401 324 325
401 402 324
402 401 400
400 399 403
400 403 402
399 398 404
399 404 403
397 404 398
397 405 404
405 406 404
407 324 402
324 407 408
324 408 323
409 323 408
409 322 323
409 321 322
409 410 321
320 321 410
320 410 411
319 320 411
319 411 412
319 412 318
413 403 404
413 404 406
402 403 413
407 402 414
402 413 414
130 129 151
415 130 151
151 182 415
379 370 416
379 416 417
378 416 370
417 389 379
417 418 389
389 419 420
389 420 388
420 390 388
420 421 390
390 421 422
422 423 390
423 424 390
390 424 425
390 425 387
387 425 426
426 382 387
427 382 426
427 383 382
383 427 428
383 428 385
428 386 385
429 430 431
431 430 432
431 432 433
433 434 431
433 435 434
436 435 433
433 432 437
433 437 436
438 436 437
438 437 439
437 440 439
437 441 440
432 441 437
430 429 442
430 442 432
442 441 432
443 442 429
443 429 444
442 445 441
442 446 445
446 442 443
441 445 447
441 447 440
448 447 445
448 445 446
448 449 447
448 450 449
450 451 449
448 452 450
450 453 451
451 453 454
451 454 455
454 456 455
455 456 457
454 458 456
454 459 458
460 459 454
453 460 454
453 461 460
461 462 460
463 462 461
463 461 464
453 464 461
465 462 463
453 466 464
450 466 453
452 466 450
467 464 466
468 463 464
468 464 467
469 465 463
469 463 468
465 469 470
470 469 471
469 472 471
473 467 466
452 473 466
473 474 467
474 468 467
475 473 452
474 473 475
475 452 476
448 476 452
448 446 476
446 475 476
477 475 446
477 446 443
444 477 443
478 477 444
479 478 444
480 478 479
481 480 479
480 482 478
483 480 481
483 484 480
480 484 485
480 485 482
484 486 485
484 487 486
488 487 484
488 484 483
489 487 488
489 490 487
490 489 491
492 490 491
493 490 492
493 494 490
494 487 490
494 486 487
493 495 494
494 495 486
493 496 495
495 496 497
495 497 498
499 498 497
499 500 498
500 495 498
500 499 501
500 501 502
501 499 503
502 501 504
504 501 503
502 504 505
502 506 500
500 506 495
502 507 506
505 507 502
469 507 505
469 505 472
469 508 507
508 469 468
508 468 509
510 506 507
510 507 508
509 510 508
509 511 510
468 511 509
510 512 506
495 506 512
495 512 486
486 512 513
486 513 485
513 482 485
513 514 482
514 478 482
514 477 478
475 477 514
475 514 515
474 475 515
474 511 468
514 513 516
514 516 515
516 511 474
516 474 515
510 517 512
516 517 511
511 517 510
517 516 513
517 513 512
518 519 520
519 521 520
521 522 520
522 518 520
522 523 518
519 518 524
519 524 525
525 524 526
524 527 526
528 526 527
528 527 529
524 530 527
531 523 522
531 532 523
532 533 523
533 518 523
534 532 531
534 533 532
535 534 531
534 536 533
536 534 535
533 536 537
538 537 536
538 536 539
538 539 540
536 535 541
541 539 536
542 535 531
542 531 543
544 533 537
544 545 533
545 530 524
518 545 524
533 545 518
545 544 546
545 546 547
545 547 530
537 548 544
538 548 537
549 548 538
549 538 540
549 540 550
550 551 549
550 552 551
552 553 551
552 554 553
555 554 552
556 555 552
555 557 554
557 555 558
556 558 555
557 558 559
557 560 554
560 553 554
548 549 561
561 549 551
561 551 553
548 561 562
548 562 544
563 553 560
563 561 553
564 544 562
564 546 544
546 564 565
546 565 547
566 564 562
561 563 566
561 566 562
564 566 567
564 567 565
566 568 567
563 568 566
563 569 568
570 569 563
560 570 563
560 571 570
571 569 570
560 572 571
560 557 572
572 557 559
573 572 559
572 573 574
573 575 574
571 576 569
577 576 571
572 577 571
578 577 572
578 572 574
579 576 577
578 579 577
579 580 576
581 578 574
581 582 578
582 579 578
581 583 582
583 584 582
583 585 584
586 583 581
586 587 583
588 580 579
589 588 579
582 589 579
589 582 584
589 584 590
591 580 588
591 588 592
592 593 591
594 586 581
587 586 594
594 581 595
596 595 581
596 581 574
574 575 596
597 587 594
594 598 597
599 598 594
600 599 594
594 601 600
601 594 595
575 601 596
601 595 596
602 601 575
602 575 603
603 575 558
556 603 558
602 603 556
558 575 573
558 573 559
604 602 556
556 552 604
550 604 552
550 605 604
605 550 540
606 605 540
539 606 540
541 606 539
607 606 541
607 541 535
607 535 542
607 542 608
609 607 608
609 610 607
609 611 610
609 612 611
609 613 612
612 613 614
612 614 615
612 615 616
616 617 612
617 611 612
616 618 617
618 619 617
618 620 619
621 616 615
621 622 616
622 618 616
622 621 623
622 623 624
620 625 619
626 610 611
617 619 626
617 626 611
626 627 610
627 607 610
627 606 607
628 627 626
619 625 628
619 628 626
629 606 627
606 629 605
630 628 625
630 629 627
630 627 628
631 630 625
631 632 630
632 629 630
620 631 625
629 604 605
629 633 604
604 633 602
633 634 602
602 634 635
602 635 636
637 633 629
637 629 632
633 637 634
638 635 634
638 634 637
638 639 635
635 639 640
638 641 639
636 601 602
635 640 642
635 642 636
636 642 643
636 643 601
640 643 642
644 637 632
644 632 631
645 638 637
645 637 644
645 641 638
646 644 631
646 645 644
646 631 647
647 631 620
647 620 648
648 620 618
648 618 649
622 649 618
650 649 622
650 622 624
651 649 650
651 650 652
651 653 649
654 653 651
655 654 651
655 651 656
652 656 651
656 657 655
658 655 657
659 648 649
659 649 653
654 659 653
659 647 648
659 660 647
655 658 661
655 661 654
654 661 659
662 661 658
659 661 662
659 662 660
663 660 662
663 664 660
664 647 660
664 646 647
665 664 663
665 666 664
666 646 664
666 667 646
646 667 645
666 668 667
669 645 667
670 669 667
668 670 667
669 671 645
672 671 669
672 669 670
641 645 671
641 671 639
671 640 639
671 673 640
672 673 671
672 674 673
640 673 643
675 643 673
674 675 673
643 675 601
675 676 601
601 676 600
676 599 600
676 677 599
675 678 676
674 679 675
678 675 679
680 678 679
679 681 680
679 674 682
682 674 672
682 672 683
683 672 670
683 670 684
668 684 670
668 685 684
679 682 686
682 687 686
683 687 682
687 688 686
688 681 679
688 679 686
687 689 688
666 685 668
666 665 685
690 689 687
690 691 689
692 685 665
693 692 665
663 693 665
663 694 693
663 695 694
663 662 695
662 696 695
662 658 696
657 696 658
657 697 696
697 698 696
698 695 696
697 699 698
698 700 695
695 701 694
701 693 694
700 701 695
701 702 693
693 702 692
699 703 698
704 703 699
705 703 704
703 705 706
704 699 707
708 707 699
708 709 707
710 704 707
710 707 709
698 703 711
698 711 700
711 703 706
712 700 711
713 712 711
714 700 712
714 701 700
713 714 712
715 702 701
715 701 714
715 692 702
716 692 715
716 717 692
692 717 685
717 684 685
717 718 684
718 683 684
683 718 687
687 718 719
687 719 690
717 716 720
717 720 718
713 721 714
722 714 721
722 715 714
722 723 715
723 716 715
723 724 716
725 716 724
726 725 724
726 724 727
724 723 728
724 728 727
729 728 723
729 723 722
721 729 722
718 730 719
720 730 718
730 731 719
720 732 730
716 725 732
716 732 720
733 725 726
733 734 725
734 733 735
736 732 725
736 725 734
732 736 730
736 731 730
736 737 731
731 737 738
738 739 731
739 740 731
740 719 731
740 690 719
741 690 740
741 691 690
742 252 743
742 743 744
743 252 251
743 251 745
745 251 256
742 744 746
747 744 743
747 748 744
749 750 436
749 436 438
749 438 751
749 751 752
753 751 438
754 751 753
753 438 439
753 439 440
440 754 753
751 754 755
751 755 752
755 754 756
755 756 757
755 757 758
457 757 756
457 756 455
756 759 455
759 451 455
759 449 451
756 754 760
756 760 759
440 760 754
447 760 440
759 760 447
759 447 449
761 755 758
761 758 762
761 752 755
763 752 761
764 752 763
764 749 752
765 749 764
765 750 749
766 750 765
750 766 435
767 435 766
767 434 435
750 435 436
766 768 767
766 765 769
766 769 768
764 769 765
764 770 769
769 771 768
769 772 771
770 772 769
764 763 773
764 773 770
763 774 773
775 773 774
775 774 776
762 776 774
762 774 761
763 761 774
775 776 777
775 778 773
770 773 778
770 778 772
504 503 779
504 779 780
505 504 780
780 781 505
780 782 781
505 781 783
505 783 472
784 785 786
787 785 784
787 784 788
785 789 786
789 790 786
791 785 787
791 792 785
621 615 793
621 793 623
623 793 794
623 794 795
623 795 650
795 796 650
650 796 797
650 797 652
623 650 624
798 652 797
798 799 652
652 799 656
800 656 799
800 657 656
800 801 657
802 657 801
802 697 657
699 697 802
699 802 708
802 803 708
803 709 708
804 709 803
804 710 709
804 803 805
804 805 806
802 807 803
803 807 805
807 802 801
801 800 808
801 808 807
800 809 808
800 799 809
799 810 809
799 798 810
797 810 798
797 811 810
796 811 797
796 812 811
795 812 796
795 813 812
795 794 813
814 813 794
814 794 815
793 815 794
793 816 815
817 816 793
817 793 615
817 615 614
817 614 818
613 818 614
613 819 818
819 613 609
819 609 820
821 820 609
821 609 608
821 608 542
821 542 822
823 822 542
823 542 543
824 823 543
531 824 543
531 522 824
824 522 521
825 824 521
825 521 826
827 826 521
827 521 519
828 827 519
828 519 525
828 525 526
828 526 528
828 528 829
830 829 528
830 528 831
830 831 832
529 832 831
529 831 528
832 529 833
826 834 825
824 825 834
824 834 835
823 824 835
823 835 836
822 823 836
822 836 837
821 822 837
821 837 838
820 821 838
820 838 839
830 832 840
840 832 833
841 835 834
834 842 841
834 843 842
826 843 834
826 827 843
827 844 843
842 843 844
827 828 844
829 844 828
829 845 844
845 829 830
830 840 845
846 845 840
846 840 847
848 844 845
848 845 846
842 844 848
849 820 839
820 849 850
850 819 820
818 819 850
818 850 851
851 817 818
816 817 851
816 851 852
815 816 852
815 852 814
853 849 839
854 853 839
854 839 838
837 854 838
854 837 836
854 836 855
835 855 836
841 855 835
814 856 813
813 856 857
813 857 812
811 812 857
811 857 858
810 811 858
810 858 859
810 859 809
860 809 859
860 808 809
861 808 860
808 861 807
862 807 861
862 805 807
862 863 805
805 863 806
864 865 866
864 867 865
864 868 867
869 867 868
870 866 865
870 871 866
871 870 872
873 870 865
873 865 867
869 873 867
869 874 873
869 875 874
876 874 875
877 876 875
878 876 877
878 877 879
878 879 880
881 878 880
882 878 881
882 881 883
882 883 884
882 884 885
885 884 886
885 886 887
888 885 887
878 882 889
878 889 876
885 889 882
885 890 889
890 885 888
889 891 876
889 892 891
893 891 892
893 894 891
891 894 874
891 874 876
894 873 874
894 895 873
873 895 870
896 870 895
896 872 870
897 872 896
897 896 898
897 898 899
896 900 898
901 895 894
901 894 893
896 895 901
896 901 900
892 902 893
892 903 902
901 904 900
901 905 904
905 901 893
905 893 902
906 905 902
906 907 905
907 904 905
908 906 902
908 902 903
890 908 903
909 908 890
908 909 910
908 910 911
906 908 911
912 911 910
913 911 912
909 890 914
890 888 914
889 890 903
889 903 892
915 906 911
916 915 911
916 911 913
917 915 916
915 917 918
915 918 919
920 919 918
919 920 921
919 921 922
923 922 921
924 922 923
924 923 925
907 919 922
906 915 919
906 919 907
922 924 926
922 926 907
907 926 904
926 927 904
926 928 927
929 928 926
929 926 924
930 929 924
930 924 925
931 929 930
932 929 931
932 931 933
932 933 934
934 935 932
934 936 935
935 937 932
929 932 937
929 937 928
937 927 928
935 936 938
938 939 935
938 940 939
935 939 941
935 941 937
937 941 927
941 939 942
942 939 943
943 939 940
942 943 944
942 944 945
945 944 946
945 946 947
943 940 948
949 942 945
949 950 942
950 941 942
951 949 945
951 945 947
950 949 952
952 949 953
949 951 953
952 953 954
952 954 955
952 955 899
952 899 898
950 952 898
950 898 900
927 950 900
927 900 904
950 927 941
956 196 195
957 248 249
957 249 253
958 244 242
959 960 961
