byte offset: 0
first index: 0
index count: 2037
topology: trianglelist
format: DXGI_FORMAT_R16_UINT

0 1 2
2 1 3
4 2 3
2 4 5
5 4 6
7 6 4
7 4 8
7 8 9
10 7 9
7 10 11
9 12 10
12 9 13
9 14 13
14 9 8
15 13 14
13 15 16
16 12 13
15 17 16
17 15 18
18 19 17
19 18 20
21 19 20
19 21 22
23 20 18
16 17 24
12 16 24
17 19 25
22 25 19
25 26 17
24 17 26
20 23 27
27 23 28
28 23 29
23 18 29
28 29 30
30 31 28
28 31 32
27 28 32
30 33 31
30 34 33
34 30 29
33 35 31
36 35 33
35 36 37
32 31 38
38 31 35
35 39 38
39 35 40
41 34 29
42 41 29
43 41 42
34 41 44
34 44 45
34 45 46
46 36 33
34 46 33
47 46 45
46 47 48
36 46 48
43 49 41
49 50 41
49 8 50
50 8 51
52 50 51
52 53 50
44 41 53
50 53 41
53 52 54
55 51 8
3 51 55
51 3 56
51 56 57
3 1 56
56 1 0
56 0 58
56 58 59
59 58 60
61 60 58
0 61 58
0 62 61
62 0 63
64 60 61
64 65 60
66 60 65
59 60 66
67 66 65
67 65 68
65 69 68
65 70 69
71 64 61
61 62 71
69 72 68
73 68 72
73 72 74
75 72 69
75 69 70
76 74 72
72 77 76
78 76 77
79 76 78
78 80 79
80 78 81
77 81 78
76 79 82
77 72 83
83 72 75
84 83 75
83 84 85
77 83 85
79 86 82
87 76 82
76 87 74
74 87 88
87 82 89
89 82 86
86 90 89
90 87 89
90 86 91
87 90 92
92 88 87
88 92 93
93 94 88
94 93 95
95 96 94
97 94 96
94 97 98
99 94 98
98 100 99
100 98 101
102 100 101
100 102 103
104 103 102
103 104 105
106 98 97
98 106 101
102 107 104
108 104 107
104 108 109
109 105 104
107 102 110
110 101 106
101 110 102
105 109 111
108 112 109
112 111 109
112 108 113
113 114 112
112 114 115
111 112 115
116 115 114
117 116 114
118 116 117
116 118 119
115 116 120
111 115 120
118 121 119
121 118 122
122 123 121
124 121 123
121 124 57
57 124 51
52 51 124
123 52 124
52 123 54
125 54 123
123 122 125
54 125 126
125 127 126
127 125 128
122 128 125
53 54 126
53 126 44
44 126 45
56 121 57
121 56 119
56 116 119
116 56 120
59 120 56
129 120 59
129 59 66
67 129 66
47 126 127
126 47 45
130 127 128
128 131 130
131 128 132
128 122 132
118 132 122
132 118 133
118 134 133
134 118 117
134 135 133
135 132 133
132 135 131
135 134 136
103 129 67
68 103 67
103 68 100
73 100 68
100 73 99
94 99 73
94 73 74
74 88 94
137 117 114
138 137 114
114 113 138
103 105 129
105 111 129
111 120 129
139 140 141
140 139 142
142 143 140
143 142 144
145 143 144
143 145 146
145 147 146
145 148 147
148 145 149
150 149 145
150 145 144
149 150 151
152 140 143
152 141 140
143 153 152
143 146 153
154 152 153
152 154 155
141 152 155
141 155 156
155 157 156
157 155 158
159 157 158
157 159 160
161 154 153
162 161 153
158 163 159
163 158 164
155 164 158
164 155 154
164 154 161
165 161 162
166 161 165
166 167 161
167 166 168
169 166 165
168 166 169
170 169 165
171 169 170
172 169 171
172 168 169
168 172 173
168 173 167
174 171 170
174 170 175
174 175 176
177 174 176
178 177 176
177 178 179
180 174 177
178 176 181
176 175 181
181 175 182
183 180 177
177 179 183
175 170 184
184 182 175
185 182 184
184 186 185
184 165 186
170 165 184
162 186 165
162 187 186
162 153 187
186 147 185
187 147 186
185 147 188
189 180 183
189 183 190
190 191 189
191 190 192
190 193 192
190 194 193
193 194 195
191 192 196
197 196 192
197 198 196
198 197 199
199 200 198
200 199 201
198 200 202
192 203 197
203 199 197
203 192 204
193 204 192
205 204 193
206 203 204
206 204 205
206 207 203
203 207 199
208 199 207
208 201 199
208 209 201
209 208 210
211 209 210
212 211 210
211 212 213
214 211 213
215 214 213
214 215 216
217 216 215
216 217 218
214 219 211
219 209 211
209 219 220
221 220 219
221 219 214
214 222 221
218 222 216
214 216 222
223 221 222
224 221 223
221 224 225
220 221 225
225 201 220
200 201 225
224 200 225
226 200 224
223 226 224
200 226 227
228 226 223
223 222 228
222 218 228
220 201 209
229 228 218
228 229 230
230 226 228
218 231 229
226 230 232
232 227 226
227 232 233
233 202 227
200 227 202
202 233 234
235 202 234
202 235 236
237 236 235
236 237 238
239 238 237
196 238 239
240 196 239
196 240 241
191 196 241
191 241 189
239 242 240
242 171 240
240 171 243
244 171 242
239 244 242
171 244 245
243 180 240
241 180 189
180 241 240
198 238 196
238 198 236
198 202 236
174 243 171
180 243 174
171 245 172
246 172 245
172 246 247
247 248 172
248 247 249
172 248 173
244 250 245
250 246 245
250 244 251
252 251 244
252 244 239
252 239 237
249 253 248
253 173 248
253 249 254
255 253 254
253 255 256
167 253 256
173 253 167
256 257 167
258 257 256
255 258 256
257 258 259
167 257 161
257 164 161
163 257 259
257 163 164
260 261 262
263 262 261
262 263 264
263 265 264
266 265 263
265 266 267
268 267 266
267 268 269
270 269 268
267 271 265
264 265 271
271 267 272
267 273 272
273 274 272
273 275 274
276 274 275
275 277 276
277 275 273
276 278 274
274 278 279
278 280 279
276 280 278
276 281 280
277 273 282
282 283 277
283 282 284
285 283 284
285 286 283
277 286 276
286 277 283
285 287 286
288 276 286
276 288 281
288 289 281
289 288 290
286 290 288
290 286 287
289 290 291
285 292 287
285 293 292
284 294 285
294 284 295
295 296 294
297 294 296
285 297 293
297 285 294
298 297 296
297 298 299
297 299 293
296 295 300
301 296 300
295 302 300
302 303 300
301 300 303
303 304 301
304 303 305
306 292 293
299 306 293
292 306 307
308 307 306
307 308 309
310 309 308
310 308 311
307 309 312
313 299 298
313 314 299
314 308 306
314 311 308
314 306 299
314 313 315
311 314 315
316 307 312
317 316 312
307 316 292
287 292 316
318 304 305
318 319 304
320 319 318
319 320 321
305 322 318
318 322 323
318 323 320
322 305 324
305 325 324
325 326 324
305 303 325
270 325 303
270 303 302
302 327 270
322 324 328
329 322 328
329 323 322
329 328 330
331 330 328
330 331 332
328 333 331
328 334 333
334 328 335
336 326 335
328 336 335
337 330 332
330 337 338
330 338 329
339 329 338
339 340 329
323 329 340
2 341 63
342 341 2
342 2 5
2 63 0
343 63 341
63 343 62
344 345 346
344 21 345
21 344 347
346 348 344
349 348 346
349 346 350
351 349 350
349 351 352
353 352 351
352 353 354
38 353 351
351 350 38
353 38 39
20 345 21
345 20 27
346 345 27
32 346 27
350 32 38
350 346 32
22 21 347
22 347 355
22 355 25
356 357 358
356 358 359
359 358 360
361 358 357
362 356 359
359 363 362
363 359 364
359 360 364
356 362 365
366 358 361
358 366 367
367 360 358
360 367 368
368 364 360
365 369 356
356 369 357
364 370 363
364 371 370
364 372 371
364 368 372
366 373 367
374 375 376
375 374 377
378 377 374
377 378 379
378 380 379
380 378 381
381 378 382
378 383 382
384 383 378
384 378 374
384 385 383
385 384 386
374 386 384
386 374 376
387 388 389
388 387 390
391 388 390
388 391 392
391 393 392
393 391 394
394 395 393
396 395 394
397 390 387
398 397 396
390 398 391
398 390 397
398 394 391
396 394 398
399 395 396
396 397 400
397 387 400
401 396 400
401 402 396
399 396 402
402 401 403
400 387 404
405 406 407
406 405 408
407 406 65
407 65 64
71 407 64
409 406 408
406 409 70
406 70 65
410 405 407
71 410 407
409 75 70
75 409 84
142 411 412
412 413 142
413 412 414
144 142 413
411 142 415
142 139 415
144 413 150
205 193 416
416 193 195
417 418 419
418 417 420
421 420 417
420 421 422
423 419 418
419 423 424
422 421 425
426 424 423
424 426 427
428 427 426
427 428 429
430 429 428
429 430 431
418 420 432
422 432 420
147 148 188
187 146 147
153 146 187
4 3 55
55 8 4
14 8 49
15 14 49
43 15 49
43 18 15
18 43 42
18 42 29
181 433 434
433 181 182
435 181 434
435 178 181
178 435 436
178 436 179
185 433 182
183 179 194
183 194 190
11 437 7
7 437 6
231 218 217
438 282 273
438 284 282
284 438 295
439 440 441
440 442 441
442 440 443
443 444 442
444 443 445
446 444 445
444 446 447
446 448 447
448 446 449
450 448 449
451 452 444
452 451 453
452 454 444
454 452 455
451 456 453
456 451 457
458 457 450
457 458 456
455 459 454
441 454 459
460 461 291
461 460 317
290 460 291
460 290 287
48 462 36
462 463 36
48 464 462
464 48 47
47 465 464
465 47 127
127 130 465
36 463 37
