stride: 40
first vertex: 0
vertex count: 130
topology: pointlist
element[0]:
  SemanticName: POSITION
  SemanticIndex: 0
  Format: R32G32B32_FLOAT
  InputSlot: 0
  AlignedByteOffset: 0
  InputSlotClass: per-vertex
  InstanceDataStepRate: 0
element[1]:
  SemanticName: NORMAL
  SemanticIndex: 0
  Format: R32G32B32_FLOAT
  InputSlot: 0
  AlignedByteOffset: 12
  InputSlotClass: per-vertex
  InstanceDataStepRate: 0
element[2]:
  SemanticName: COLOR
  SemanticIndex: 0
  Format: R8G8B8A8_UNORM
  InputSlot: 0
  AlignedByteOffset: 0
  InputSlotClass: per-vertex
  InstanceDataStepRate: 0
element[3]:
  SemanticName: TEXCOORD
  SemanticIndex: 0
  Format: R8G8B8A8_UNORM
  InputSlot: 0
  AlignedByteOffset: 0
  InputSlotClass: per-vertex
  InstanceDataStepRate: 0
element[4]:
  SemanticName: TEXCOORD
  SemanticIndex: 1
  Format: R8G8B8A8_UNORM
  InputSlot: 0
  AlignedByteOffset: 0
  InputSlotClass: per-vertex
  InstanceDataStepRate: 0
element[5]:
  SemanticName: TEXCOORD
  SemanticIndex: 2
  Format: R8G8B8A8_UNORM
  InputSlot: 0
  AlignedByteOffset: 0
  InputSlotClass: per-vertex
  InstanceDataStepRate: 0
element[6]:
  SemanticName: TEXCOORD
  SemanticIndex: 3
  Format: R8G8B8A8_UNORM
  InputSlot: 0
  AlignedByteOffset: 0
  InputSlotClass: per-vertex
  InstanceDataStepRate: 0
element[7]:
  SemanticName: TANGENT
  SemanticIndex: 0
  Format: R32G32B32A32_FLOAT
  InputSlot: 0
  AlignedByteOffset: 24
  InputSlotClass: per-vertex
  InstanceDataStepRate: 0
element[8]:
  SemanticName: BLENDWEIGHT
  SemanticIndex: 0
  Format: R32G32B32A32_FLOAT
  InputSlot: 1
  AlignedByteOffset: 0
  InputSlotClass: per-vertex
  InstanceDataStepRate: 0
element[9]:
  SemanticName: BLENDINDICES
  SemanticIndex: 0
  Format: R32G32B32A32_SINT
  InputSlot: 1
  AlignedByteOffset: 16
  InputSlotClass: per-vertex
  InstanceDataStepRate: 0

vertex-data:

vb0[0]+000 POSITION: 0.0259758905, 1.37588394, 0.0958726853
vb0[0]+012 NORMAL: 0.0844797492, -0.0901758373, 0.992336452
vb0[0]+000 COLOR: 0.392156869, 0.796078444, 0.831372559, 0.235294119
vb0[0]+000 TEXCOORD: 0.392156869, 0.796078444, 0.831372559, 0.235294119
vb0[0]+000 TEXCOORD1: 0.392156869, 0.796078444, 0.831372559, 0.235294119
vb0[0]+000 TEXCOORD2: 0.392156869, 0.796078444, 0.831372559, 0.235294119
vb0[0]+000 TEXCOORD3: 0.392156869, 0.796078444, 0.831372559, 0.235294119
vb0[0]+024 TANGENT: -0.115510717, -0.108065017, 0.987410367, -1

vb0[1]+000 POSITION: 0.0255621709, 1.37326097, 0.0953827873
vb0[1]+012 NORMAL: -0.354679316, -0.198284969, 0.913720727
vb0[1]+000 COLOR: 0.760784328, 0.403921574, 0.819607854, 0.235294119
vb0[1]+000 TEXCOORD: 0.760784328, 0.403921574, 0.819607854, 0.235294119
vb0[1]+000 TEXCOORD1: 0.760784328, 0.403921574, 0.819607854, 0.235294119
vb0[1]+000 TEXCOORD2: 0.760784328, 0.403921574, 0.819607854, 0.235294119
vb0[1]+000 TEXCOORD3: 0.760784328, 0.403921574, 0.819607854, 0.235294119
vb0[1]+024 TANGENT: -0.354692668, -0.198234007, 0.913726628, -1

vb0[2]+000 POSITION: 0.0263787881, 1.37343824, 0.0955845267
vb0[2]+012 NORMAL: 0.0860259756, -0.105574295, 0.990683436
vb0[2]+000 COLOR: 0.329411775, 0.0941176489, 0.847058833, 0.235294119
vb0[2]+000 TEXCOORD: 0.329411775, 0.0941176489, 0.847058833, 0.235294119
vb0[2]+000 TEXCOORD1: 0.329411775, 0.0941176489, 0.847058833, 0.235294119
vb0[2]+000 TEXCOORD2: 0.329411775, 0.0941176489, 0.847058833, 0.235294119
vb0[2]+000 TEXCOORD3: 0.329411775, 0.0941176489, 0.847058833, 0.235294119
vb0[2]+024 TANGENT: -0.107843272, -0.149184629, 0.982910812, -1

vb0[3]+000 POSITION: 0.0251370613, 1.37584043, 0.0956857204
vb0[3]+012 NORMAL: -0.367653668, -0.124746725, 0.921557903
vb0[3]+000 COLOR: 0.239215687, 0.925490201, 0.80392158, 0.235294119
vb0[3]+000 TEXCOORD: 0.239215687, 0.925490201, 0.80392158, 0.235294119
vb0[3]+000 TEXCOORD1: 0.239215687, 0.925490201, 0.80392158, 0.235294119
vb0[3]+000 TEXCOORD2: 0.239215687, 0.925490201, 0.80392158, 0.235294119
vb0[3]+000 TEXCOORD3: 0.239215687, 0.925490201, 0.80392158, 0.235294119
vb0[3]+024 TANGENT: -0.367669553, -0.124604158, 0.921570837, -1

vb0[4]+000 POSITION: 0.0259253681, 1.3783474, 0.0960713103
vb0[4]+012 NORMAL: 0.0835643038, -0.0783394128, 0.993418336
vb0[4]+000 COLOR: 0.43921569, 0.380392164, 0.831372559, 0.235294119
vb0[4]+000 TEXCOORD: 0.43921569, 0.380392164, 0.831372559, 0.235294119
vb0[4]+000 TEXCOORD1: 0.43921569, 0.380392164, 0.831372559, 0.235294119
vb0[4]+000 TEXCOORD2: 0.43921569, 0.380392164, 0.831372559, 0.235294119
vb0[4]+000 TEXCOORD3: 0.43921569, 0.380392164, 0.831372559, 0.235294119
vb0[4]+024 TANGENT: -0.118966445, -0.0668875575, 0.990642726, -1

vb0[5]+000 POSITION: 0.0250863209, 1.37845421, 0.0958941355
vb0[5]+012 NORMAL: -0.371210068, -0.046561718, 0.9273808
vb0[5]+000 COLOR: 0.831372559, 0.505882382, 0.80392158, 0.235294119
vb0[5]+000 TEXCOORD: 0.831372559, 0.505882382, 0.80392158, 0.235294119
vb0[5]+000 TEXCOORD1: 0.831372559, 0.505882382, 0.80392158, 0.235294119
vb0[5]+000 TEXCOORD2: 0.831372559, 0.505882382, 0.80392158, 0.235294119
vb0[5]+000 TEXCOORD3: 0.831372559, 0.505882382, 0.80392158, 0.235294119
vb0[5]+024 TANGENT: -0.371216506, -0.0467600785, 0.927368164, -1

vb0[6]+000 POSITION: 0.0262438282, 1.38081062, 0.0962361917
vb0[6]+012 NORMAL: 0.0862009674, -0.0675058365, 0.993988037
vb0[6]+000 COLOR: 0.298039228, 0.992156863, 0.839215696, 0.235294119
vb0[6]+000 TEXCOORD: 0.298039228, 0.992156863, 0.839215696, 0.235294119
vb0[6]+000 TEXCOORD1: 0.298039228, 0.992156863, 0.839215696, 0.235294119
vb0[6]+000 TEXCOORD2: 0.298039228, 0.992156863, 0.839215696, 0.235294119
vb0[6]+000 TEXCOORD3: 0.298039228, 0.992156863, 0.839215696, 0.235294119
vb0[6]+024 TANGENT: -0.113741867, -0.0259530526, 0.993171334, -1

vb0[7]+000 POSITION: 0.0254263114, 1.381073, 0.0960650444
vb0[7]+012 NORMAL: -0.361271679, 0.0307796355, 0.931952417
vb0[7]+000 COLOR: 0.843137264, 0.290196091, 0.815686285, 0.235294119
vb0[7]+000 TEXCOORD: 0.843137264, 0.290196091, 0.815686285, 0.235294119
vb0[7]+000 TEXCOORD1: 0.843137264, 0.290196091, 0.815686285, 0.235294119
vb0[7]+000 TEXCOORD2: 0.843137264, 0.290196091, 0.815686285, 0.235294119
vb0[7]+000 TEXCOORD3: 0.843137264, 0.290196091, 0.815686285, 0.235294119
vb0[7]+024 TANGENT: -0.361045629, 0.031884551, 0.932002962, -1

vb0[8]+000 POSITION: 0.0268882383, 1.38303614, 0.0963082835
vb0[8]+012 NORMAL: 0.0804992616, -0.0615729019, 0.994851053
vb0[8]+000 COLOR: 0.725490212, 0.266666681, 0.862745106, 0.235294119
vb0[8]+000 TEXCOORD: 0.725490212, 0.266666681, 0.862745106, 0.235294119
vb0[8]+000 TEXCOORD1: 0.725490212, 0.266666681, 0.862745106, 0.235294119
vb0[8]+000 TEXCOORD2: 0.725490212, 0.266666681, 0.862745106, 0.235294119
vb0[8]+000 TEXCOORD3: 0.725490212, 0.266666681, 0.862745106, 0.235294119
vb0[8]+024 TANGENT: -0.109431744, 0.0203214884, 0.993786573, -1

vb0[9]+000 POSITION: 0.0261390209, 1.38350427, 0.0961385816
vb0[9]+012 NORMAL: -0.329364926, 0.123887725, 0.936039805
vb0[9]+000 COLOR: 0.501960814, 0.129411772, 0.839215696, 0.235294119
vb0[9]+000 TEXCOORD: 0.501960814, 0.129411772, 0.839215696, 0.235294119
vb0[9]+000 TEXCOORD1: 0.501960814, 0.129411772, 0.839215696, 0.235294119
vb0[9]+000 TEXCOORD2: 0.501960814, 0.129411772, 0.839215696, 0.235294119
vb0[9]+000 TEXCOORD3: 0.501960814, 0.129411772, 0.839215696, 0.235294119
vb0[9]+024 TANGENT: -0.329164743, 0.124318488, 0.936053157, -1

vb0[10]+000 POSITION: 0.0279956385, 1.38491571, 0.0963405296
vb0[10]+012 NORMAL: 0.0813638493, -0.0549258664, 0.995169818
vb0[10]+000 COLOR: 0.109803922, 0.34117648, 0.898039222, 0.235294119
vb0[10]+000 TEXCOORD: 0.109803922, 0.34117648, 0.898039222, 0.235294119
vb0[10]+000 TEXCOORD1: 0.109803922, 0.34117648, 0.898039222, 0.235294119
vb0[10]+000 TEXCOORD2: 0.109803922, 0.34117648, 0.898039222, 0.235294119
vb0[10]+000 TEXCOORD3: 0.109803922, 0.34117648, 0.898039222, 0.235294119
vb0[10]+024 TANGENT: -0.0771883726, 0.0731037781, 0.99433279, -1

vb0[11]+000 POSITION: 0.027403811, 1.38564217, 0.0961669236
vb0[11]+012 NORMAL: -0.245171264, 0.230742857, 0.94162029
vb0[11]+000 COLOR: 0.960784316, 0.490196079, 0.87843138, 0.235294119
vb0[11]+000 TEXCOORD: 0.960784316, 0.490196079, 0.87843138, 0.235294119
vb0[11]+000 TEXCOORD1: 0.960784316, 0.490196079, 0.87843138, 0.235294119
vb0[11]+000 TEXCOORD2: 0.960784316, 0.490196079, 0.87843138, 0.235294119
vb0[11]+000 TEXCOORD3: 0.960784316, 0.490196079, 0.87843138, 0.235294119
vb0[11]+024 TANGENT: -0.246827871, 0.229146495, 0.941577375, -1

vb0[12]+000 POSITION: 0.0296696983, 1.38637114, 0.0962602869
vb0[12]+012 NORMAL: 0.105685793, -0.0388191976, 0.993641555
vb0[12]+000 COLOR: 0.870588243, 0.0509803928, 0.952941179, 0.235294119
vb0[12]+000 TEXCOORD: 0.870588243, 0.0509803928, 0.952941179, 0.235294119
vb0[12]+000 TEXCOORD1: 0.870588243, 0.0509803928, 0.952941179, 0.235294119
vb0[12]+000 TEXCOORD2: 0.870588243, 0.0509803928, 0.952941179, 0.235294119
vb0[12]+000 TEXCOORD3: 0.870588243, 0.0509803928, 0.952941179, 0.235294119
vb0[12]+024 TANGENT: -0.0037419796, 0.1189785, 0.992889762, -1

vb0[13]+000 POSITION: 0.0293019712, 1.38729537, 0.0960722938
vb0[13]+012 NORMAL: -0.115861222, 0.314077675, 0.942301154
vb0[13]+000 COLOR: 0.690196097, 0.0392156877, 0.941176474, 0.235294119
vb0[13]+000 TEXCOORD: 0.690196097, 0.0392156877, 0.941176474, 0.235294119
vb0[13]+000 TEXCOORD1: 0.690196097, 0.0392156877, 0.941176474, 0.235294119
vb0[13]+000 TEXCOORD2: 0.690196097, 0.0392156877, 0.941176474, 0.235294119
vb0[13]+000 TEXCOORD3: 0.690196097, 0.0392156877, 0.941176474, 0.235294119
vb0[13]+024 TANGENT: -0.120380513, 0.312077254, 0.942399204, -1

vb0[14]+000 POSITION: 0.0318926498, 1.38744223, 0.096017085
vb0[14]+012 NORMAL: 0.129995629, -0.0266695227, 0.991155744
vb0[14]+000 COLOR: 0.870588243, 0.631372571, 0.00784313772, 0.239215687
vb0[14]+000 TEXCOORD: 0.870588243, 0.631372571, 0.00784313772, 0.239215687
vb0[14]+000 TEXCOORD1: 0.870588243, 0.631372571, 0.00784313772, 0.239215687
vb0[14]+000 TEXCOORD2: 0.870588243, 0.631372571, 0.00784313772, 0.239215687
vb0[14]+000 TEXCOORD3: 0.870588243, 0.631372571, 0.00784313772, 0.239215687
vb0[14]+024 TANGENT: 0.0682246089, 0.141055584, 0.987648129, -1

vb0[15]+000 POSITION: 0.0317505896, 1.38847589, 0.0958070233
vb0[15]+012 NORMAL: 0.00471129175, 0.348109424, 0.937442005
vb0[15]+000 COLOR: 0.909803927, 0.0470588244, 0.00784313772, 0.239215687
vb0[15]+000 TEXCOORD: 0.909803927, 0.0470588244, 0.00784313772, 0.239215687
vb0[15]+000 TEXCOORD1: 0.909803927, 0.0470588244, 0.00784313772, 0.239215687
vb0[15]+000 TEXCOORD2: 0.909803927, 0.0470588244, 0.00784313772, 0.239215687
vb0[15]+000 TEXCOORD3: 0.909803927, 0.0470588244, 0.00784313772, 0.239215687
vb0[15]+024 TANGENT: 0, 0.347526908, 0.937670052, -1

vb0[16]+000 POSITION: 0.0346182808, 1.38803208, 0.0956502482
vb0[16]+012 NORMAL: 0.152233541, -0.024961561, 0.988029301
vb0[16]+000 COLOR: 0.90196079, 0.796078444, 0.0509803928, 0.239215687
vb0[16]+000 TEXCOORD: 0.90196079, 0.796078444, 0.0509803928, 0.239215687
vb0[16]+000 TEXCOORD1: 0.90196079, 0.796078444, 0.0509803928, 0.239215687
vb0[16]+000 TEXCOORD2: 0.90196079, 0.796078444, 0.0509803928, 0.239215687
vb0[16]+000 TEXCOORD3: 0.90196079, 0.796078444, 0.0509803928, 0.239215687
vb0[16]+024 TANGENT: 0.12650387, 0.139348865, 0.982129633, -1

vb0[17]+000 POSITION: 0.0346609615, 1.38910854, 0.0954156965
vb0[17]+012 NORMAL: 0.0976532325, 0.352829188, 0.930577993
vb0[17]+000 COLOR: 0.654901981, 0.972549021, 0.0509803928, 0.239215687
vb0[17]+000 TEXCOORD: 0.654901981, 0.972549021, 0.0509803928, 0.239215687
vb0[17]+000 TEXCOORD1: 0.654901981, 0.972549021, 0.0509803928, 0.239215687
vb0[17]+000 TEXCOORD2: 0.654901981, 0.972549021, 0.0509803928, 0.239215687
vb0[17]+000 TEXCOORD3: 0.654901981, 0.972549021, 0.0509803928, 0.239215687
vb0[17]+024 TANGENT: 0.0964682028, 0.352872372, 0.930685163, -1

vb0[18]+000 POSITION: 0.0374929309, 1.38821149, 0.0951661095
vb0[18]+012 NORMAL: 0.180989325, -0.0202894267, 0.983275652
vb0[18]+000 COLOR: 0.188235298, 0.572549045, 0.0980392173, 0.239215687
vb0[18]+000 TEXCOORD: 0.188235298, 0.572549045, 0.0980392173, 0.239215687
vb0[18]+000 TEXCOORD1: 0.188235298, 0.572549045, 0.0980392173, 0.239215687
vb0[18]+000 TEXCOORD2: 0.188235298, 0.572549045, 0.0980392173, 0.239215687
vb0[18]+000 TEXCOORD3: 0.188235298, 0.572549045, 0.0980392173, 0.239215687
vb0[18]+024 TANGENT: 0.183632255, 0.138297215, 0.973217905, -1

vb0[19]+000 POSITION: 0.0377035402, 1.38929808, 0.0949037895
vb0[19]+012 NORMAL: 0.19143647, 0.340210199, 0.920656919
vb0[19]+000 COLOR: 0.0274509806, 0.435294122, 0.101960786, 0.239215687
vb0[19]+000 TEXCOORD: 0.0274509806, 0.435294122, 0.101960786, 0.239215687
vb0[19]+000 TEXCOORD1: 0.0274509806, 0.435294122, 0.101960786, 0.239215687
vb0[19]+000 TEXCOORD2: 0.0274509806, 0.435294122, 0.101960786, 0.239215687
vb0[19]+000 TEXCOORD3: 0.0274509806, 0.435294122, 0.101960786, 0.239215687
vb0[19]+024 TANGENT: 0.190732703, 0.340353578, 0.920749903, -1

vb0[20]+000 POSITION: 0.0403116606, 1.38779199, 0.0945908725
vb0[20]+012 NORMAL: 0.210328355, -0.0256092884, 0.97729528
vb0[20]+000 COLOR: 0.843137264, 0.113725491, 0.145098045, 0.239215687
vb0[20]+000 TEXCOORD: 0.843137264, 0.113725491, 0.145098045, 0.239215687
vb0[20]+000 TEXCOORD1: 0.843137264, 0.113725491, 0.145098045, 0.239215687
vb0[20]+000 TEXCOORD2: 0.843137264, 0.113725491, 0.145098045, 0.239215687
vb0[20]+000 TEXCOORD3: 0.843137264, 0.113725491, 0.145098045, 0.239215687
vb0[20]+024 TANGENT: 0.241176382, 0.12091399, 0.962919414, -1

vb0[21]+000 POSITION: 0.0407020263, 1.38885248, 0.0942919031
vb0[21]+012 NORMAL: 0.282556891, 0.312592626, 0.906888902
vb0[21]+000 COLOR: 0.168627456, 0.717647076, 0.149019614, 0.239215687
vb0[21]+000 TEXCOORD: 0.168627456, 0.717647076, 0.149019614, 0.239215687
vb0[21]+000 TEXCOORD1: 0.168627456, 0.717647076, 0.149019614, 0.239215687
vb0[21]+000 TEXCOORD2: 0.168627456, 0.717647076, 0.149019614, 0.239215687
vb0[21]+000 TEXCOORD3: 0.168627456, 0.717647076, 0.149019614, 0.239215687
vb0[21]+024 TANGENT: 0.282301247, 0.312694788, 0.906933308, -1

vb0[22]+000 POSITION: 0.0429590307, 1.38688016, 0.0939503536
vb0[22]+012 NORMAL: 0.23969917, -0.0352558419, 0.970206797
vb0[22]+000 COLOR: 0.811764717, 0.960784316, 0.184313729, 0.239215687
vb0[22]+000 TEXCOORD: 0.811764717, 0.960784316, 0.184313729, 0.239215687
vb0[22]+000 TEXCOORD1: 0.811764717, 0.960784316, 0.184313729, 0.239215687
vb0[22]+000 TEXCOORD2: 0.811764717, 0.960784316, 0.184313729, 0.239215687
vb0[22]+000 TEXCOORD3: 0.811764717, 0.960784316, 0.184313729, 0.239215687
vb0[22]+024 TANGENT: 0.295623004, 0.0965014696, 0.950418115, -1

vb0[23]+000 POSITION: 0.0435224995, 1.3878808, 0.093609646
vb0[23]+012 NORMAL: 0.366626114, 0.268654972, 0.890735567
vb0[23]+000 COLOR: 0.650980413, 0.266666681, 0.196078435, 0.239215687
vb0[23]+000 TEXCOORD: 0.650980413, 0.266666681, 0.196078435, 0.239215687
vb0[23]+000 TEXCOORD1: 0.650980413, 0.266666681, 0.196078435, 0.239215687
vb0[23]+000 TEXCOORD2: 0.650980413, 0.266666681, 0.196078435, 0.239215687
vb0[23]+000 TEXCOORD3: 0.650980413, 0.266666681, 0.196078435, 0.239215687
vb0[23]+024 TANGENT: 0.367870212, 0.267870516, 0.890458763, -1

vb0[24]+000 POSITION: 0.0451175682, 1.38554621, 0.0933189541
vb0[24]+012 NORMAL: 0.271263629, -0.0533418767, 0.961025834
vb0[24]+000 COLOR: 0.200000003, 0.80392158, 0.219607845, 0.239215687
vb0[24]+000 TEXCOORD: 0.200000003, 0.80392158, 0.219607845, 0.239215687
vb0[24]+000 TEXCOORD1: 0.200000003, 0.80392158, 0.219607845, 0.239215687
vb0[24]+000 TEXCOORD2: 0.200000003, 0.80392158, 0.219607845, 0.239215687
vb0[24]+000 TEXCOORD3: 0.200000003, 0.80392158, 0.219607845, 0.239215687
vb0[24]+024 TANGENT: 0.353565991, 0.0558805503, 0.933738947, -1

vb0[25]+000 POSITION: 0.0458800085, 1.38642347, 0.0929206759
vb0[25]+012 NORMAL: 0.455364853, 0.195422649, 0.868592381
vb0[25]+000 COLOR: 0.678431392, 0.925490201, 0.23137255, 0.239215687
vb0[25]+000 TEXCOORD: 0.678431392, 0.925490201, 0.23137255, 0.239215687
vb0[25]+000 TEXCOORD1: 0.678431392, 0.925490201, 0.23137255, 0.239215687
vb0[25]+000 TEXCOORD2: 0.678431392, 0.925490201, 0.23137255, 0.239215687
vb0[25]+000 TEXCOORD3: 0.678431392, 0.925490201, 0.23137255, 0.239215687
vb0[25]+024 TANGENT: 0.45673424, 0.194039002, 0.868183613, -1

vb0[26]+000 POSITION: 0.0466491506, 1.38379729, 0.0927338228
vb0[26]+012 NORMAL: 0.29399097, -0.0822074786, 0.952266395
vb0[26]+000 COLOR: 0.180392161, 0.0745098069, 0.247058824, 0.239215687
vb0[26]+000 TEXCOORD: 0.180392161, 0.0745098069, 0.247058824, 0.239215687
vb0[26]+000 TEXCOORD1: 0.180392161, 0.0745098069, 0.247058824, 0.239215687
vb0[26]+000 TEXCOORD2: 0.180392161, 0.0745098069, 0.247058824, 0.239215687
vb0[26]+000 TEXCOORD3: 0.180392161, 0.0745098069, 0.247058824, 0.239215687
vb0[26]+024 TANGENT: 0.394262522, 0, 0.918997765, -1

vb0[27]+000 POSITION: 0.0475607477, 1.38450563, 0.0922784805
vb0[27]+012 NORMAL: 0.524018466, 0.111298539, 0.844403446
vb0[27]+000 COLOR: 0.0588235296, 0.811764717, 0.258823544, 0.239215687
vb0[27]+000 TEXCOORD: 0.0588235296, 0.811764717, 0.258823544, 0.239215687
vb0[27]+000 TEXCOORD1: 0.0588235296, 0.811764717, 0.258823544, 0.239215687
vb0[27]+000 TEXCOORD2: 0.0588235296, 0.811764717, 0.258823544, 0.239215687
vb0[27]+000 TEXCOORD3: 0.0588235296, 0.811764717, 0.258823544, 0.239215687
vb0[27]+024 TANGENT: 0.52429074, 0.110868923, 0.844290912, -1

vb0[28]+000 POSITION: 0.0477604717, 1.38182831, 0.0921791941
vb0[28]+012 NORMAL: 0.316034704, -0.116821848, 0.941527903
vb0[28]+000 COLOR: 0.486274511, 0.627451003, 0.262745112, 0.239215687
vb0[28]+000 TEXCOORD: 0.486274511, 0.627451003, 0.262745112, 0.239215687
vb0[28]+000 TEXCOORD1: 0.486274511, 0.627451003, 0.262745112, 0.239215687
vb0[28]+000 TEXCOORD2: 0.486274511, 0.627451003, 0.262745112, 0.239215687
vb0[28]+000 TEXCOORD3: 0.486274511, 0.627451003, 0.262745112, 0.239215687
vb0[28]+024 TANGENT: 0.427806973, -0.0614908896, 0.901776016, -1

vb0[29]+000 POSITION: 0.0487703979, 1.38236296, 0.0916738957
vb0[29]+012 NORMAL: 0.570255876, 0.0165492352, 0.821300387
vb0[29]+000 COLOR: 0.470588237, 0.764705896, 0.278431386, 0.239215687
vb0[29]+000 TEXCOORD: 0.470588237, 0.764705896, 0.278431386, 0.239215687
vb0[29]+000 TEXCOORD1: 0.470588237, 0.764705896, 0.278431386, 0.239215687
vb0[29]+000 TEXCOORD2: 0.470588237, 0.764705896, 0.278431386, 0.239215687
vb0[29]+000 TEXCOORD3: 0.470588237, 0.764705896, 0.278431386, 0.239215687
vb0[29]+024 TANGENT: 0.570572197, 0.015722394, 0.821096957, -1

vb0[30]+000 POSITION: 0.0493800491, 1.38005733, 0.0911109075
vb0[30]+012 NORMAL: 0.597582459, -0.0786026269, 0.79794544
vb0[30]+000 COLOR: 0.737254918, 0.258823544, 0.290196091, 0.239215687
vb0[30]+000 TEXCOORD: 0.737254918, 0.258823544, 0.290196091, 0.239215687
vb0[30]+000 TEXCOORD1: 0.737254918, 0.258823544, 0.290196091, 0.239215687
vb0[30]+000 TEXCOORD2: 0.737254918, 0.258823544, 0.290196091, 0.239215687
vb0[30]+000 TEXCOORD3: 0.737254918, 0.258823544, 0.290196091, 0.239215687
vb0[30]+024 TANGENT: 0.597557783, -0.0784499049, 0.797978878, -1

vb0[31]+000 POSITION: 0.0483207591, 1.37971163, 0.0916610509
vb0[31]+012 NORMAL: 0.328533918, -0.153841034, 0.931878984
vb0[31]+000 COLOR: 0.992156863, 0.921568632, 0.270588249, 0.239215687
vb0[31]+000 TEXCOORD: 0.992156863, 0.921568632, 0.270588249, 0.239215687
vb0[31]+000 TEXCOORD1: 0.992156863, 0.921568632, 0.270588249, 0.239215687
vb0[31]+000 TEXCOORD2: 0.992156863, 0.921568632, 0.270588249, 0.239215687
vb0[31]+000 TEXCOORD3: 0.992156863, 0.921568632, 0.270588249, 0.239215687
vb0[31]+024 TANGENT: 0.444283724, -0.124533832, 0.887188435, -1

vb0[32]+000 POSITION: 0.0495561585, 1.37766111, 0.0906235352
vb0[32]+012 NORMAL: 0.602981985, -0.130375475, 0.787029088
vb0[32]+000 COLOR: 0.400000006, 0.984313726, 0.290196091, 0.239215687
vb0[32]+000 TEXCOORD: 0.400000006, 0.984313726, 0.290196091, 0.239215687
vb0[32]+000 TEXCOORD1: 0.400000006, 0.984313726, 0.290196091, 0.239215687
vb0[32]+000 TEXCOORD2: 0.400000006, 0.984313726, 0.290196091, 0.239215687
vb0[32]+000 TEXCOORD3: 0.400000006, 0.984313726, 0.290196091, 0.239215687
vb0[32]+024 TANGENT: 0.602982461, -0.130362347, 0.787031054, -1

vb0[33]+000 POSITION: 0.0484837554, 1.37746644, 0.0912022069
vb0[33]+012 NORMAL: 0.328316182, -0.1623144, 0.930517316
vb0[33]+000 COLOR: 0.905882359, 0.588235319, 0.274509817, 0.239215687
vb0[33]+000 TEXCOORD: 0.905882359, 0.588235319, 0.274509817, 0.239215687
vb0[33]+000 TEXCOORD1: 0.905882359, 0.588235319, 0.274509817, 0.239215687
vb0[33]+000 TEXCOORD2: 0.905882359, 0.588235319, 0.274509817, 0.239215687
vb0[33]+000 TEXCOORD3: 0.905882359, 0.588235319, 0.274509817, 0.239215687
vb0[33]+024 TANGENT: 0.444122642, -0.151445493, 0.883073747, -1

vb0[34]+000 POSITION: 0.0494684875, 1.37522864, 0.0902449787
vb0[34]+012 NORMAL: 0.601369619, -0.156645671, 0.783464432
vb0[34]+000 COLOR: 0.470588237, 0.623529434, 0.290196091, 0.239215687
vb0[34]+000 TEXCOORD: 0.470588237, 0.623529434, 0.290196091, 0.239215687
vb0[34]+000 TEXCOORD1: 0.470588237, 0.623529434, 0.290196091, 0.239215687
vb0[34]+000 TEXCOORD2: 0.470588237, 0.623529434, 0.290196091, 0.239215687
vb0[34]+000 TEXCOORD3: 0.470588237, 0.623529434, 0.290196091, 0.239215687
vb0[34]+024 TANGENT: 0.601361334, -0.156728074, 0.783454418, -1

vb0[35]+000 POSITION: 0.0483998284, 1.37518418, 0.0908444375
vb0[35]+012 NORMAL: 0.329879373, -0.147573963, 0.932416975
vb0[35]+000 COLOR: 0.90196079, 0.243137255, 0.274509817, 0.239215687
vb0[35]+000 TEXCOORD: 0.90196079, 0.243137255, 0.274509817, 0.239215687
vb0[35]+000 TEXCOORD1: 0.90196079, 0.243137255, 0.274509817, 0.239215687
vb0[35]+000 TEXCOORD2: 0.90196079, 0.243137255, 0.274509817, 0.239215687
vb0[35]+000 TEXCOORD3: 0.90196079, 0.243137255, 0.274509817, 0.239215687
vb0[35]+024 TANGENT: 0.44541508, -0.153336346, 0.882096052, -1

vb0[36]+000 POSITION: 0.049060259, 1.37282097, 0.0900356248
vb0[36]+012 NORMAL: 0.597378492, -0.186416507, 0.779992223
vb0[36]+000 COLOR: 0.411764711, 0.952941179, 0.282352954, 0.239215687
vb0[36]+000 TEXCOORD: 0.411764711, 0.952941179, 0.282352954, 0.239215687
vb0[36]+000 TEXCOORD1: 0.411764711, 0.952941179, 0.282352954, 0.239215687
vb0[36]+000 TEXCOORD2: 0.411764711, 0.952941179, 0.282352954, 0.239215687
vb0[36]+000 TEXCOORD3: 0.411764711, 0.952941179, 0.282352954, 0.239215687
vb0[36]+024 TANGENT: 0.597375572, -0.186434522, 0.779990137, -1

vb0[37]+000 POSITION: 0.04801796, 1.37293434, 0.0906496122
vb0[37]+012 NORMAL: 0.331382304, -0.133609936, 0.933988333
vb0[37]+000 COLOR: 0.482352942, 0.68235296, 0.266666681, 0.239215687
vb0[37]+000 TEXCOORD: 0.482352942, 0.68235296, 0.266666681, 0.239215687
vb0[37]+000 TEXCOORD1: 0.482352942, 0.68235296, 0.266666681, 0.239215687
vb0[37]+000 TEXCOORD2: 0.482352942, 0.68235296, 0.266666681, 0.239215687
vb0[37]+000 TEXCOORD3: 0.482352942, 0.68235296, 0.266666681, 0.239215687
vb0[37]+024 TANGENT: 0.444532573, -0.157436326, 0.88181895, -1

vb0[38]+000 POSITION: 0.0483514778, 1.3704648, 0.0899561495
vb0[38]+012 NORMAL: 0.589119494, -0.224617943, 0.776199102
vb0[38]+000 COLOR: 0.200000003, 0.0470588244, 0.274509817, 0.239215687
vb0[38]+000 TEXCOORD: 0.200000003, 0.0470588244, 0.274509817, 0.239215687
vb0[38]+000 TEXCOORD1: 0.200000003, 0.0470588244, 0.274509817, 0.239215687
vb0[38]+000 TEXCOORD2: 0.200000003, 0.0470588244, 0.274509817, 0.239215687
vb0[38]+000 TEXCOORD3: 0.200000003, 0.0470588244, 0.274509817, 0.239215687
vb0[38]+024 TANGENT: 0.589013577, -0.225015104, 0.776164412, -1

vb0[39]+000 POSITION: 0.0473571196, 1.37072873, 0.0905766264
vb0[39]+012 NORMAL: 0.334230483, -0.128962308, 0.933626592
vb0[39]+000 COLOR: 0.541176498, 0.97647059, 0.254901975, 0.239215687
vb0[39]+000 TEXCOORD: 0.541176498, 0.97647059, 0.254901975, 0.239215687
vb0[39]+000 TEXCOORD1: 0.541176498, 0.97647059, 0.254901975, 0.239215687
vb0[39]+000 TEXCOORD2: 0.541176498, 0.97647059, 0.254901975, 0.239215687
vb0[39]+000 TEXCOORD3: 0.541176498, 0.97647059, 0.254901975, 0.239215687
vb0[39]+024 TANGENT: 0.44397673, -0.171251863, 0.879521251, -1

vb0[40]+000 POSITION: 0.0473379903, 1.36827826, 0.0900176987
vb0[40]+012 NORMAL: 0.570942581, -0.275153458, 0.77350831
vb0[40]+000 COLOR: 0.482352942, 0.898039222, 0.254901975, 0.239215687
vb0[40]+000 TEXCOORD: 0.482352942, 0.898039222, 0.254901975, 0.239215687
vb0[40]+000 TEXCOORD1: 0.482352942, 0.898039222, 0.254901975, 0.239215687
vb0[40]+000 TEXCOORD2: 0.482352942, 0.898039222, 0.254901975, 0.239215687
vb0[40]+000 TEXCOORD3: 0.482352942, 0.898039222, 0.254901975, 0.239215687
vb0[40]+024 TANGENT: 0.570594847, -0.275941193, 0.773484349, -1

vb0[41]+000 POSITION: 0.0464217253, 1.36870265, 0.0906359479
vb0[41]+012 NORMAL: 0.334293157, -0.131765202, 0.933212698
vb0[41]+000 COLOR: 0.709803939, 0.141176477, 0.243137255, 0.239215687
vb0[41]+000 TEXCOORD: 0.709803939, 0.141176477, 0.243137255, 0.239215687
vb0[41]+000 TEXCOORD1: 0.709803939, 0.141176477, 0.243137255, 0.239215687
vb0[41]+000 TEXCOORD2: 0.709803939, 0.141176477, 0.243137255, 0.239215687
vb0[41]+000 TEXCOORD3: 0.709803939, 0.141176477, 0.243137255, 0.239215687
vb0[41]+024 TANGENT: 0.437646329, -0.195750102, 0.877580523, -1

vb0[42]+000 POSITION: 0.0460008979, 1.3663559, 0.0902125016
vb0[42]+012 NORMAL: 0.534730971, -0.339063555, 0.774014652
vb0[42]+000 COLOR: 0.43921569, 0.419607848, 0.235294119, 0.239215687
vb0[42]+000 TEXCOORD: 0.43921569, 0.419607848, 0.235294119, 0.239215687
vb0[42]+000 TEXCOORD1: 0.43921569, 0.419607848, 0.235294119, 0.239215687
vb0[42]+000 TEXCOORD2: 0.43921569, 0.419607848, 0.235294119, 0.239215687
vb0[42]+000 TEXCOORD3: 0.43921569, 0.419607848, 0.235294119, 0.239215687
vb0[42]+024 TANGENT: 0.534353435, -0.339602917, 0.77403897, -1

vb0[43]+000 POSITION: 0.0452151485, 1.36695993, 0.0908134505
vb0[43]+012 NORMAL: 0.332885683, -0.138590023, 0.932727218
vb0[43]+000 COLOR: 0.521568656, 0.200000003, 0.223529413, 0.239215687
vb0[43]+000 TEXCOORD: 0.521568656, 0.200000003, 0.223529413, 0.239215687
vb0[43]+000 TEXCOORD1: 0.521568656, 0.200000003, 0.223529413, 0.239215687
vb0[43]+000 TEXCOORD2: 0.521568656, 0.200000003, 0.223529413, 0.239215687
vb0[43]+000 TEXCOORD3: 0.521568656, 0.200000003, 0.223529413, 0.239215687
vb0[43]+024 TANGENT: 0.423407525, -0.229831055, 0.876301229, -1

vb0[44]+000 POSITION: 0.044287838, 1.36481357, 0.0905854329
vb0[44]+012 NORMAL: 0.471438974, -0.410326034, 0.780626535
vb0[44]+000 COLOR: 0.164705887, 0.403921574, 0.20784314, 0.239215687
vb0[44]+000 TEXCOORD: 0.164705887, 0.403921574, 0.20784314, 0.239215687
vb0[44]+000 TEXCOORD1: 0.164705887, 0.403921574, 0.20784314, 0.239215687
vb0[44]+000 TEXCOORD2: 0.164705887, 0.403921574, 0.20784314, 0.239215687
vb0[44]+000 TEXCOORD3: 0.164705887, 0.403921574, 0.20784314, 0.239215687
vb0[44]+024 TANGENT: 0.472723275, -0.4091582, 0.780462801, -1

vb0[45]+000 POSITION: 0.0436696298, 1.36556792, 0.0911539346
vb0[45]+012 NORMAL: 0.314506114, -0.151021183, 0.937165082
vb0[45]+000 COLOR: 0.929411769, 0.870588243, 0.196078435, 0.239215687
vb0[45]+000 TEXCOORD: 0.929411769, 0.870588243, 0.196078435, 0.239215687
vb0[45]+000 TEXCOORD1: 0.929411769, 0.870588243, 0.196078435, 0.239215687
vb0[45]+000 TEXCOORD2: 0.929411769, 0.870588243, 0.196078435, 0.239215687
vb0[45]+000 TEXCOORD3: 0.929411769, 0.870588243, 0.196078435, 0.239215687
vb0[45]+024 TANGENT: 0.385527313, -0.267706722, 0.883007288, -1

vb0[46]+000 POSITION: 0.0421285667, 1.36358559, 0.0910668895
vb0[46]+012 NORMAL: 0.384680599, -0.473881245, 0.792122126
vb0[46]+000 COLOR: 0.00392156886, 0.56078434, 0.172549024, 0.239215687
vb0[46]+000 TEXCOORD: 0.00392156886, 0.56078434, 0.172549024, 0.239215687
vb0[46]+000 TEXCOORD1: 0.00392156886, 0.56078434, 0.172549024, 0.239215687
vb0[46]+000 TEXCOORD2: 0.00392156886, 0.56078434, 0.172549024, 0.239215687
vb0[46]+000 TEXCOORD3: 0.00392156886, 0.56078434, 0.172549024, 0.239215687
vb0[46]+024 TANGENT: 0.384516597, -0.473975509, 0.792145371, -1

vb0[47]+000 POSITION: 0.0416881777, 1.36444104, 0.0915958285
vb0[47]+012 NORMAL: 0.283030778, -0.169196665, 0.944068849
vb0[47]+000 COLOR: 0.223529413, 0.75686276, 0.164705887, 0.239215687
vb0[47]+000 TEXCOORD: 0.223529413, 0.75686276, 0.164705887, 0.239215687
vb0[47]+000 TEXCOORD1: 0.223529413, 0.75686276, 0.164705887, 0.239215687
vb0[47]+000 TEXCOORD2: 0.223529413, 0.75686276, 0.164705887, 0.239215687
vb0[47]+000 TEXCOORD3: 0.223529413, 0.75686276, 0.164705887, 0.239215687
vb0[47]+024 TANGENT: 0.328296781, -0.308679223, 0.892714024, -1

vb0[48]+000 POSITION: 0.0397092924, 1.36287951, 0.0916163549
vb0[48]+012 NORMAL: 0.287557006, -0.518829525, 0.805063188
vb0[48]+000 COLOR: 0.211764708, 0.650980413, 0.13333334, 0.239215687
vb0[48]+000 TEXCOORD: 0.211764708, 0.650980413, 0.13333334, 0.239215687
vb0[48]+000 TEXCOORD1: 0.211764708, 0.650980413, 0.13333334, 0.239215687
vb0[48]+000 TEXCOORD2: 0.211764708, 0.650980413, 0.13333334, 0.239215687
vb0[48]+000 TEXCOORD3: 0.211764708, 0.650980413, 0.13333334, 0.239215687
vb0[48]+024 TANGENT: 0.286664635, -0.51912415, 0.805191576, -1

vb0[49]+000 POSITION: 0.0394543484, 1.36378908, 0.0921032131
vb0[49]+012 NORMAL: 0.250739455, -0.178701371, 0.951417565
vb0[49]+000 COLOR: 0.886274517, 0.603921592, 0.129411772, 0.239215687
vb0[49]+000 TEXCOORD: 0.886274517, 0.603921592, 0.129411772, 0.239215687
vb0[49]+000 TEXCOORD1: 0.886274517, 0.603921592, 0.129411772, 0.239215687
vb0[49]+000 TEXCOORD2: 0.886274517, 0.603921592, 0.129411772, 0.239215687
vb0[49]+000 TEXCOORD3: 0.886274517, 0.603921592, 0.129411772, 0.239215687
vb0[49]+024 TANGENT: 0.26669693, -0.333138376, 0.904373527, -1

vb0[50]+000 POSITION: 0.0372382812, 1.36266291, 0.0921863094
vb0[50]+012 NORMAL: 0.185717255, -0.5420295, 0.819581032
vb0[50]+000 COLOR: 0.168627456, 0.529411793, 0.0941176489, 0.239215687
vb0[50]+000 TEXCOORD: 0.168627456, 0.529411793, 0.0941176489, 0.239215687
vb0[50]+000 TEXCOORD1: 0.168627456, 0.529411793, 0.0941176489, 0.239215687
vb0[50]+000 TEXCOORD2: 0.168627456, 0.529411793, 0.0941176489, 0.239215687
vb0[50]+000 TEXCOORD3: 0.168627456, 0.529411793, 0.0941176489, 0.239215687
vb0[50]+024 TANGENT: 0.184470773, -0.542178988, 0.81976366, -1

vb0[51]+000 POSITION: 0.0371676199, 1.36358869, 0.0926306024
vb0[51]+012 NORMAL: 0.218343973, -0.18348664, 0.958466828
vb0[51]+000 COLOR: 0.0745098069, 0.239215687, 0.0941176489, 0.239215687
vb0[51]+000 TEXCOORD: 0.0745098069, 0.239215687, 0.0941176489, 0.239215687
vb0[51]+000 TEXCOORD1: 0.0745098069, 0.239215687, 0.0941176489, 0.239215687
vb0[51]+000 TEXCOORD2: 0.0745098069, 0.239215687, 0.0941176489, 0.239215687
vb0[51]+000 TEXCOORD3: 0.0745098069, 0.239215687, 0.0941176489, 0.239215687
vb0[51]+024 TANGENT: 0.20205164, -0.347515851, 0.915646136, -1

vb0[52]+000 POSITION: 0.0348216705, 1.36297989, 0.0927529633
vb0[52]+012 NORMAL: 0.078084752, -0.545629859, 0.834380507
vb0[52]+000 COLOR: 0.168627456, 0.631372571, 0.0549019612, 0.239215687
vb0[52]+000 TEXCOORD: 0.168627456, 0.631372571, 0.0549019612, 0.239215687
vb0[52]+000 TEXCOORD1: 0.168627456, 0.631372571, 0.0549019612, 0.239215687
vb0[52]+000 TEXCOORD2: 0.168627456, 0.631372571, 0.0549019612, 0.239215687
vb0[52]+000 TEXCOORD3: 0.168627456, 0.631372571, 0.0549019612, 0.239215687
vb0[52]+024 TANGENT: 0.0778778642, -0.545613647, 0.834410369, -1

vb0[53]+000 POSITION: 0.034925878, 1.3638829, 0.093156442
vb0[53]+012 NORMAL: 0.185040846, -0.179971889, 0.966110706
vb0[53]+000 COLOR: 0.43921569, 0.0549019612, 0.0588235296, 0.239215687
vb0[53]+000 TEXCOORD: 0.43921569, 0.0549019612, 0.0588235296, 0.239215687
vb0[53]+000 TEXCOORD1: 0.43921569, 0.0549019612, 0.0588235296, 0.239215687
vb0[53]+000 TEXCOORD2: 0.43921569, 0.0549019612, 0.0588235296, 0.239215687
vb0[53]+000 TEXCOORD3: 0.43921569, 0.0549019612, 0.0588235296, 0.239215687
vb0[53]+024 TANGENT: 0.136738047, -0.345701009, 0.928328335, -1

vb0[54]+000 POSITION: 0.032467559, 1.36373746, 0.0933036953
vb0[54]+012 NORMAL: -0.0159924645, -0.530374408, 0.847612679
vb0[54]+000 COLOR: 0.70588237, 0.988235295, 0.0156862754, 0.239215687
vb0[54]+000 TEXCOORD: 0.70588237, 0.988235295, 0.0156862754, 0.239215687
vb0[54]+000 TEXCOORD1: 0.70588237, 0.988235295, 0.0156862754, 0.239215687
vb0[54]+000 TEXCOORD2: 0.70588237, 0.988235295, 0.0156862754, 0.239215687
vb0[54]+000 TEXCOORD3: 0.70588237, 0.988235295, 0.0156862754, 0.239215687
vb0[54]+024 TANGENT: -0.018286109, -0.529749513, 0.847957015, -1

vb0[55]+000 POSITION: 0.0327272303, 1.36459017, 0.0936704054
vb0[55]+012 NORMAL: 0.157959849, -0.173292667, 0.972120523
vb0[55]+000 COLOR: 0.992156863, 0.0470588244, 0.0235294122, 0.239215687
vb0[55]+000 TEXCOORD: 0.992156863, 0.0470588244, 0.0235294122, 0.239215687
vb0[55]+000 TEXCOORD1: 0.992156863, 0.0470588244, 0.0235294122, 0.239215687
vb0[55]+000 TEXCOORD2: 0.992156863, 0.0470588244, 0.0235294122, 0.239215687
vb0[55]+000 TEXCOORD3: 0.992156863, 0.0470588244, 0.0235294122, 0.239215687
vb0[55]+024 TANGENT: 0.0782251358, -0.335325956, 0.938848972, -1

vb0[56]+000 POSITION: 0.03042477, 1.36483765, 0.0938026905
vb0[56]+012 NORMAL: -0.121561445, -0.487267971, 0.864750028
vb0[56]+000 COLOR: 0.368627459, 0.239215687, 0.97647059, 0.235294119
vb0[56]+000 TEXCOORD: 0.368627459, 0.239215687, 0.97647059, 0.235294119
vb0[56]+000 TEXCOORD1: 0.368627459, 0.239215687, 0.97647059, 0.235294119
vb0[56]+000 TEXCOORD2: 0.368627459, 0.239215687, 0.97647059, 0.235294119
vb0[56]+000 TEXCOORD3: 0.368627459, 0.239215687, 0.97647059, 0.235294119
vb0[56]+024 TANGENT: -0.122437604, -0.486786693, 0.864897609, -1

vb0[57]+000 POSITION: 0.0308652297, 1.36559248, 0.0941242874
vb0[57]+012 NORMAL: 0.130516499, -0.164018124, 0.977784991
vb0[57]+000 COLOR: 0.0784313753, 0.850980401, 0.988235295, 0.235294119
vb0[57]+000 TEXCOORD: 0.0784313753, 0.850980401, 0.988235295, 0.235294119
vb0[57]+000 TEXCOORD1: 0.0784313753, 0.850980401, 0.988235295, 0.235294119
vb0[57]+000 TEXCOORD2: 0.0784313753, 0.850980401, 0.988235295, 0.235294119
vb0[57]+000 TEXCOORD3: 0.0784313753, 0.850980401, 0.988235295, 0.235294119
vb0[57]+024 TANGENT: 0.012881577, -0.312862366, 0.949711084, -1

vb0[58]+000 POSITION: 0.0287156906, 1.36643684, 0.0942623019
vb0[58]+012 NORMAL: -0.228245825, -0.410217911, 0.882963777
vb0[58]+000 COLOR: 0.168627456, 0.239215687, 0.921568632, 0.235294119
vb0[58]+000 TEXCOORD: 0.168627456, 0.239215687, 0.921568632, 0.235294119
vb0[58]+000 TEXCOORD1: 0.168627456, 0.239215687, 0.921568632, 0.235294119
vb0[58]+000 TEXCOORD2: 0.168627456, 0.239215687, 0.921568632, 0.235294119
vb0[58]+000 TEXCOORD3: 0.168627456, 0.239215687, 0.921568632, 0.235294119
vb0[58]+024 TANGENT: -0.227671251, -0.410780996, 0.882850289, -1

vb0[59]+000 POSITION: 0.0293242987, 1.36703575, 0.0945381299
vb0[59]+012 NORMAL: 0.106573135, -0.14425914, 0.983784318
vb0[59]+000 COLOR: 0.513725519, 0.223529413, 0.941176474, 0.235294119
vb0[59]+000 TEXCOORD: 0.513725519, 0.223529413, 0.941176474, 0.235294119
vb0[59]+000 TEXCOORD1: 0.513725519, 0.223529413, 0.941176474, 0.235294119
vb0[59]+000 TEXCOORD2: 0.513725519, 0.223529413, 0.941176474, 0.235294119
vb0[59]+000 TEXCOORD3: 0.513725519, 0.223529413, 0.941176474, 0.235294119
vb0[59]+024 TANGENT: -0.0455830097, -0.266383737, 0.962788522, -1

vb0[60]+000 POSITION: 0.0273551419, 1.36846125, 0.094670549
vb0[60]+012 NORMAL: -0.296796411, -0.328956664, 0.896492839
vb0[60]+000 COLOR: 0.894117653, 0.0901960805, 0.87843138, 0.235294119
vb0[60]+000 TEXCOORD: 0.894117653, 0.0901960805, 0.87843138, 0.235294119
vb0[60]+000 TEXCOORD1: 0.894117653, 0.0901960805, 0.87843138, 0.235294119
vb0[60]+000 TEXCOORD2: 0.894117653, 0.0901960805, 0.87843138, 0.235294119
vb0[60]+000 TEXCOORD3: 0.894117653, 0.0901960805, 0.87843138, 0.235294119
vb0[60]+024 TANGENT: -0.29645595, -0.32949391, 0.896408141, -1

vb0[61]+000 POSITION: 0.0280704591, 1.36890328, 0.0949131027
vb0[61]+012 NORMAL: 0.0933954418, -0.12546432, 0.987692297
vb0[61]+000 COLOR: 0.0196078438, 0.956862748, 0.898039222, 0.235294119
vb0[61]+000 TEXCOORD: 0.0196078438, 0.956862748, 0.898039222, 0.235294119
vb0[61]+000 TEXCOORD1: 0.0196078438, 0.956862748, 0.898039222, 0.235294119
vb0[61]+000 TEXCOORD2: 0.0196078438, 0.956862748, 0.898039222, 0.235294119
vb0[61]+000 TEXCOORD3: 0.0196078438, 0.956862748, 0.898039222, 0.235294119
vb0[61]+024 TANGENT: -0.0800372437, -0.218594208, 0.972527981, -1

vb0[62]+000 POSITION: 0.0263125505, 1.37075973, 0.0950427577
vb0[62]+012 NORMAL: -0.333503902, -0.260118335, 0.906153202
vb0[62]+000 COLOR: 0.419607848, 0.552941203, 0.843137264, 0.235294119
vb0[62]+000 TEXCOORD: 0.419607848, 0.552941203, 0.843137264, 0.235294119
vb0[62]+000 TEXCOORD1: 0.419607848, 0.552941203, 0.843137264, 0.235294119
vb0[62]+000 TEXCOORD2: 0.419607848, 0.552941203, 0.843137264, 0.235294119
vb0[62]+000 TEXCOORD3: 0.419607848, 0.552941203, 0.843137264, 0.235294119
vb0[62]+024 TANGENT: -0.333304971, -0.260593653, 0.906089783, -1

vb0[63]+000 POSITION: 0.0270906799, 1.37106562, 0.0952620506
vb0[63]+012 NORMAL: 0.0884053633, -0.113380812, 0.989610672
vb0[63]+000 COLOR: 0.274509817, 0.929411769, 0.866666675, 0.235294119
vb0[63]+000 TEXCOORD: 0.274509817, 0.929411769, 0.866666675, 0.235294119
vb0[63]+000 TEXCOORD1: 0.274509817, 0.929411769, 0.866666675, 0.235294119
vb0[63]+000 TEXCOORD2: 0.274509817, 0.929411769, 0.866666675, 0.235294119
vb0[63]+000 TEXCOORD3: 0.274509817, 0.929411769, 0.866666675, 0.235294119
vb0[63]+024 TANGENT: -0.0972684547, -0.180983007, 0.978664398, -1

vb0[64]+000 POSITION: 0.0372803211, 1.3759805, 0.0939528048
vb0[64]+012 NORMAL: 0.205103785, -0.10571155, 0.973014712
vb0[64]+000 COLOR: 0.250980407, 0.701960802, 0.0941176489, 0.239215687
vb0[64]+000 TEXCOORD: 0.250980407, 0.701960802, 0.0941176489, 0.239215687
vb0[64]+000 TEXCOORD1: 0.250980407, 0.701960802, 0.0941176489, 0.239215687
vb0[64]+000 TEXCOORD2: 0.250980407, 0.701960802, 0.0941176489, 0.239215687
vb0[64]+000 TEXCOORD3: 0.250980407, 0.701960802, 0.0941176489, 0.239215687
vb0[64]+024 TANGENT: 0.206819296, -0.106000073, 0.97262007, -1

vb0[65]+000 POSITION: -0.0259758905, 1.37588394, 0.0958726853
vb0[65]+012 NORMAL: -0.0844796821, -0.0901766047, 0.992336333
vb0[65]+000 COLOR: 0.392156869, 0.796078444, 0.831372559, 0.737254918
vb0[65]+000 TEXCOORD: 0.392156869, 0.796078444, 0.831372559, 0.737254918
vb0[65]+000 TEXCOORD1: 0.392156869, 0.796078444, 0.831372559, 0.737254918
vb0[65]+000 TEXCOORD2: 0.392156869, 0.796078444, 0.831372559, 0.737254918
vb0[65]+000 TEXCOORD3: 0.392156869, 0.796078444, 0.831372559, 0.737254918
vb0[65]+024 TANGENT: 0.11551439, -0.108066261, 0.98740977, -1

vb0[66]+000 POSITION: -0.0255621709, 1.37326097, 0.0953827873
vb0[66]+012 NORMAL: 0.354685664, -0.19828622, 0.913718045
vb0[66]+000 COLOR: 0.760784328, 0.403921574, 0.819607854, 0.737254918
vb0[66]+000 TEXCOORD: 0.760784328, 0.403921574, 0.819607854, 0.737254918
vb0[66]+000 TEXCOORD1: 0.760784328, 0.403921574, 0.819607854, 0.737254918
vb0[66]+000 TEXCOORD2: 0.760784328, 0.403921574, 0.819607854, 0.737254918
vb0[66]+000 TEXCOORD3: 0.760784328, 0.403921574, 0.819607854, 0.737254918
vb0[66]+024 TANGENT: 0.354699016, -0.198235199, 0.913723946, -1

vb0[67]+000 POSITION: -0.0251370613, 1.37584043, 0.0956857204
vb0[67]+012 NORMAL: 0.367661268, -0.124748416, 0.921554685
vb0[67]+000 COLOR: 0.239215687, 0.925490201, 0.80392158, 0.737254918
vb0[67]+000 TEXCOORD: 0.239215687, 0.925490201, 0.80392158, 0.737254918
vb0[67]+000 TEXCOORD1: 0.239215687, 0.925490201, 0.80392158, 0.737254918
vb0[67]+000 TEXCOORD2: 0.239215687, 0.925490201, 0.80392158, 0.737254918
vb0[67]+000 TEXCOORD3: 0.239215687, 0.925490201, 0.80392158, 0.737254918
vb0[67]+024 TANGENT: 0.367677212, -0.124605767, 0.921567619, -1

vb0[68]+000 POSITION: -0.0263787881, 1.37343824, 0.0955845267
vb0[68]+012 NORMAL: -0.0860201195, -0.105572, 0.990684152
vb0[68]+000 COLOR: 0.329411775, 0.0941176489, 0.847058833, 0.737254918
vb0[68]+000 TEXCOORD: 0.329411775, 0.0941176489, 0.847058833, 0.737254918
vb0[68]+000 TEXCOORD1: 0.329411775, 0.0941176489, 0.847058833, 0.737254918
vb0[68]+000 TEXCOORD2: 0.329411775, 0.0941176489, 0.847058833, 0.737254918
vb0[68]+000 TEXCOORD3: 0.329411775, 0.0941176489, 0.847058833, 0.737254918
vb0[68]+024 TANGENT: 0.107849605, -0.149183929, 0.982910216, -1

vb0[69]+000 POSITION: -0.0259253681, 1.3783474, 0.0960713103
vb0[69]+012 NORMAL: -0.0835682526, -0.0783418715, 0.993417859
vb0[69]+000 COLOR: 0.43921569, 0.380392164, 0.831372559, 0.737254918
vb0[69]+000 TEXCOORD: 0.43921569, 0.380392164, 0.831372559, 0.737254918
vb0[69]+000 TEXCOORD1: 0.43921569, 0.380392164, 0.831372559, 0.737254918
vb0[69]+000 TEXCOORD2: 0.43921569, 0.380392164, 0.831372559, 0.737254918
vb0[69]+000 TEXCOORD3: 0.43921569, 0.380392164, 0.831372559, 0.737254918
vb0[69]+024 TANGENT: 0.118966632, -0.0668891072, 0.990642607, -1

vb0[70]+000 POSITION: -0.0250863209, 1.37845421, 0.0958941355
vb0[70]+012 NORMAL: 0.371214807, -0.0465618335, 0.927378833
vb0[70]+000 COLOR: 0.831372559, 0.505882382, 0.80392158, 0.737254918
vb0[70]+000 TEXCOORD: 0.831372559, 0.505882382, 0.80392158, 0.737254918
vb0[70]+000 TEXCOORD1: 0.831372559, 0.505882382, 0.80392158, 0.737254918
vb0[70]+000 TEXCOORD2: 0.831372559, 0.505882382, 0.80392158, 0.737254918
vb0[70]+000 TEXCOORD3: 0.831372559, 0.505882382, 0.80392158, 0.737254918
vb0[70]+024 TANGENT: 0.371221274, -0.0467602648, 0.927366316, -1

vb0[71]+000 POSITION: -0.0262438282, 1.38081062, 0.0962361917
vb0[71]+012 NORMAL: -0.0861991122, -0.0675051436, 0.993988276
vb0[71]+000 COLOR: 0.298039228, 0.992156863, 0.839215696, 0.737254918
vb0[71]+000 TEXCOORD: 0.298039228, 0.992156863, 0.839215696, 0.737254918
vb0[71]+000 TEXCOORD1: 0.298039228, 0.992156863, 0.839215696, 0.737254918
vb0[71]+000 TEXCOORD2: 0.298039228, 0.992156863, 0.839215696, 0.737254918
vb0[71]+000 TEXCOORD3: 0.298039228, 0.992156863, 0.839215696, 0.737254918
vb0[71]+024 TANGENT: 0.113743253, -0.0259525832, 0.993171215, -1

vb0[72]+000 POSITION: -0.0254263114, 1.381073, 0.0960650444
vb0[72]+012 NORMAL: 0.361271977, 0.03077971, 0.931952298
vb0[72]+000 COLOR: 0.843137264, 0.290196091, 0.815686285, 0.737254918
vb0[72]+000 TEXCOORD: 0.843137264, 0.290196091, 0.815686285, 0.737254918
vb0[72]+000 TEXCOORD1: 0.843137264, 0.290196091, 0.815686285, 0.737254918
vb0[72]+000 TEXCOORD2: 0.843137264, 0.290196091, 0.815686285, 0.737254918
vb0[72]+000 TEXCOORD3: 0.843137264, 0.290196091, 0.815686285, 0.737254918
vb0[72]+024 TANGENT: 0.361045927, 0.031884674, 0.932002842, -1

vb0[73]+000 POSITION: -0.0268882383, 1.38303614, 0.0963082835
vb0[73]+012 NORMAL: -0.0804975778, -0.0615718327, 0.994851291
vb0[73]+000 COLOR: 0.725490212, 0.266666681, 0.862745106, 0.737254918
vb0[73]+000 TEXCOORD: 0.725490212, 0.266666681, 0.862745106, 0.737254918
vb0[73]+000 TEXCOORD1: 0.725490212, 0.266666681, 0.862745106, 0.737254918
vb0[73]+000 TEXCOORD2: 0.725490212, 0.266666681, 0.862745106, 0.737254918
vb0[73]+000 TEXCOORD3: 0.725490212, 0.266666681, 0.862745106, 0.737254918
vb0[73]+024 TANGENT: 0.109428458, 0.0203206539, 0.993786931, -1

vb0[74]+000 POSITION: -0.0261390209, 1.38350427, 0.0961385816
vb0[74]+012 NORMAL: 0.329355717, 0.123884484, 0.936043561
vb0[74]+000 COLOR: 0.501960814, 0.129411772, 0.839215696, 0.737254918
vb0[74]+000 TEXCOORD: 0.501960814, 0.129411772, 0.839215696, 0.737254918
vb0[74]+000 TEXCOORD1: 0.501960814, 0.129411772, 0.839215696, 0.737254918
vb0[74]+000 TEXCOORD2: 0.501960814, 0.129411772, 0.839215696, 0.737254918
vb0[74]+000 TEXCOORD3: 0.501960814, 0.129411772, 0.839215696, 0.737254918
vb0[74]+024 TANGENT: 0.329155475, 0.124315135, 0.936056793, -1

vb0[75]+000 POSITION: -0.0279956385, 1.38491571, 0.0963405296
vb0[75]+012 NORMAL: -0.0813636407, -0.0549242683, 0.995169938
vb0[75]+000 COLOR: 0.109803922, 0.34117648, 0.898039222, 0.737254918
vb0[75]+000 TEXCOORD: 0.109803922, 0.34117648, 0.898039222, 0.737254918
vb0[75]+000 TEXCOORD1: 0.109803922, 0.34117648, 0.898039222, 0.737254918
vb0[75]+000 TEXCOORD2: 0.109803922, 0.34117648, 0.898039222, 0.737254918
vb0[75]+000 TEXCOORD3: 0.109803922, 0.34117648, 0.898039222, 0.737254918
vb0[75]+024 TANGENT: 0.0771843195, 0.0731024742, 0.994333267, -1

vb0[76]+000 POSITION: -0.027403811, 1.38564217, 0.0961669236
vb0[76]+012 NORMAL: 0.245164454, 0.230740473, 0.941622615
vb0[76]+000 COLOR: 0.960784316, 0.490196079, 0.87843138, 0.737254918
vb0[76]+000 TEXCOORD: 0.960784316, 0.490196079, 0.87843138, 0.737254918
vb0[76]+000 TEXCOORD1: 0.960784316, 0.490196079, 0.87843138, 0.737254918
vb0[76]+000 TEXCOORD2: 0.960784316, 0.490196079, 0.87843138, 0.737254918
vb0[76]+000 TEXCOORD3: 0.960784316, 0.490196079, 0.87843138, 0.737254918
vb0[76]+024 TANGENT: 0.246821359, 0.229143605, 0.9415797, -1

vb0[77]+000 POSITION: -0.0296696983, 1.38637114, 0.0962602869
vb0[77]+012 NORMAL: -0.105682895, -0.0388176553, 0.993642032
vb0[77]+000 COLOR: 0.870588243, 0.0509803928, 0.952941179, 0.737254918
vb0[77]+000 TEXCOORD: 0.870588243, 0.0509803928, 0.952941179, 0.737254918
vb0[77]+000 TEXCOORD1: 0.870588243, 0.0509803928, 0.952941179, 0.737254918
vb0[77]+000 TEXCOORD2: 0.870588243, 0.0509803928, 0.952941179, 0.737254918
vb0[77]+000 TEXCOORD3: 0.870588243, 0.0509803928, 0.952941179, 0.737254918
vb0[77]+024 TANGENT: 0.00374323176, 0.118978277, 0.992889762, -1

vb0[78]+000 POSITION: -0.0293019712, 1.38729537, 0.0960722938
vb0[78]+012 NORMAL: 0.115862049, 0.314073771, 0.942302346
vb0[78]+000 COLOR: 0.690196097, 0.0392156877, 0.941176474, 0.737254918
vb0[78]+000 TEXCOORD: 0.690196097, 0.0392156877, 0.941176474, 0.737254918
vb0[78]+000 TEXCOORD1: 0.690196097, 0.0392156877, 0.941176474, 0.737254918
vb0[78]+000 TEXCOORD2: 0.690196097, 0.0392156877, 0.941176474, 0.737254918
vb0[78]+000 TEXCOORD3: 0.690196097, 0.0392156877, 0.941176474, 0.737254918
vb0[78]+024 TANGENT: 0.120380051, 0.312074065, 0.942400336, -1

vb0[79]+000 POSITION: -0.0318926498, 1.38744223, 0.096017085
vb0[79]+012 NORMAL: -0.129995078, -0.0266709328, 0.991155863
vb0[79]+000 COLOR: 0.870588243, 0.631372571, 0.00784313772, 0.741176486
vb0[79]+000 TEXCOORD: 0.870588243, 0.631372571, 0.00784313772, 0.741176486
vb0[79]+000 TEXCOORD1: 0.870588243, 0.631372571, 0.00784313772, 0.741176486
vb0[79]+000 TEXCOORD2: 0.870588243, 0.631372571, 0.00784313772, 0.741176486
vb0[79]+000 TEXCOORD3: 0.870588243, 0.631372571, 0.00784313772, 0.741176486
vb0[79]+024 TANGENT: -0.0682243034, 0.141056299, 0.98764801, -1

vb0[80]+000 POSITION: -0.0317505896, 1.38847589, 0.0958070233
vb0[80]+012 NORMAL: -0.00471151201, 0.348111659, 0.937441289
vb0[80]+000 COLOR: 0.909803927, 0.0470588244, 0.00784313772, 0.741176486
vb0[80]+000 TEXCOORD: 0.909803927, 0.0470588244, 0.00784313772, 0.741176486
vb0[80]+000 TEXCOORD1: 0.909803927, 0.0470588244, 0.00784313772, 0.741176486
vb0[80]+000 TEXCOORD2: 0.909803927, 0.0470588244, 0.00784313772, 0.741176486
vb0[80]+000 TEXCOORD3: 0.909803927, 0.0470588244, 0.00784313772, 0.741176486
vb0[80]+024 TANGENT: 0, 0.347528726, 0.937669396, -1

vb0[81]+000 POSITION: -0.0346182808, 1.38803208, 0.0956502482
vb0[81]+012 NORMAL: -0.152235642, -0.0249627773, 0.988028944
vb0[81]+000 COLOR: 0.90196079, 0.796078444, 0.0509803928, 0.741176486
vb0[81]+000 TEXCOORD: 0.90196079, 0.796078444, 0.0509803928, 0.741176486
vb0[81]+000 TEXCOORD1: 0.90196079, 0.796078444, 0.0509803928, 0.741176486
vb0[81]+000 TEXCOORD2: 0.90196079, 0.796078444, 0.0509803928, 0.741176486
vb0[81]+000 TEXCOORD3: 0.90196079, 0.796078444, 0.0509803928, 0.741176486
vb0[81]+024 TANGENT: -0.126506329, 0.139355421, 0.982128382, -1

vb0[82]+000 POSITION: -0.0346609615, 1.38910854, 0.0954156965
vb0[82]+012 NORMAL: -0.0976571739, 0.35284245, 0.93057251
vb0[82]+000 COLOR: 0.654901981, 0.972549021, 0.0509803928, 0.741176486
vb0[82]+000 TEXCOORD: 0.654901981, 0.972549021, 0.0509803928, 0.741176486
vb0[82]+000 TEXCOORD1: 0.654901981, 0.972549021, 0.0509803928, 0.741176486
vb0[82]+000 TEXCOORD2: 0.654901981, 0.972549021, 0.0509803928, 0.741176486
vb0[82]+000 TEXCOORD3: 0.654901981, 0.972549021, 0.0509803928, 0.741176486
vb0[82]+024 TANGENT: -0.0964719057, 0.352885604, 0.930679798, -1

vb0[83]+000 POSITION: -0.0374929309, 1.38821149, 0.0951661095
vb0[83]+012 NORMAL: -0.180991784, -0.0202867445, 0.983275354
vb0[83]+000 COLOR: 0.188235298, 0.572549045, 0.0980392173, 0.741176486
vb0[83]+000 TEXCOORD: 0.188235298, 0.572549045, 0.0980392173, 0.741176486
vb0[83]+000 TEXCOORD1: 0.188235298, 0.572549045, 0.0980392173, 0.741176486
vb0[83]+000 TEXCOORD2: 0.188235298, 0.572549045, 0.0980392173, 0.741176486
vb0[83]+000 TEXCOORD3: 0.188235298, 0.572549045, 0.0980392173, 0.741176486
vb0[83]+024 TANGENT: -0.183637396, 0.138306394, 0.97321564, -1

vb0[84]+000 POSITION: -0.0377035402, 1.38929808, 0.0949037895
vb0[84]+012 NORMAL: -0.191447735, 0.340225548, 0.920648873
vb0[84]+000 COLOR: 0.0274509806, 0.435294122, 0.101960786, 0.741176486
vb0[84]+000 TEXCOORD: 0.0274509806, 0.435294122, 0.101960786, 0.741176486
vb0[84]+000 TEXCOORD1: 0.0274509806, 0.435294122, 0.101960786, 0.741176486
vb0[84]+000 TEXCOORD2: 0.0274509806, 0.435294122, 0.101960786, 0.741176486
vb0[84]+000 TEXCOORD3: 0.0274509806, 0.435294122, 0.101960786, 0.741176486
vb0[84]+024 TANGENT: -0.190741882, 0.340369314, 0.920742214, -1

vb0[85]+000 POSITION: -0.0403116606, 1.38779199, 0.0945908725
vb0[85]+012 NORMAL: -0.210329518, -0.0256064031, 0.97729516
vb0[85]+000 COLOR: 0.843137264, 0.113725491, 0.145098045, 0.741176486
vb0[85]+000 TEXCOORD: 0.843137264, 0.113725491, 0.145098045, 0.741176486
vb0[85]+000 TEXCOORD1: 0.843137264, 0.113725491, 0.145098045, 0.741176486
vb0[85]+000 TEXCOORD2: 0.843137264, 0.113725491, 0.145098045, 0.741176486
vb0[85]+000 TEXCOORD3: 0.843137264, 0.113725491, 0.145098045, 0.741176486
vb0[85]+024 TANGENT: -0.241177291, 0.120915636, 0.962918937, -1

vb0[86]+000 POSITION: -0.0407020263, 1.38885248, 0.0942919031
vb0[86]+012 NORMAL: -0.282555401, 0.312592804, 0.90688926
vb0[86]+000 COLOR: 0.168627456, 0.717647076, 0.149019614, 0.741176486
vb0[86]+000 TEXCOORD: 0.168627456, 0.717647076, 0.149019614, 0.741176486
vb0[86]+000 TEXCOORD1: 0.168627456, 0.717647076, 0.149019614, 0.741176486
vb0[86]+000 TEXCOORD2: 0.168627456, 0.717647076, 0.149019614, 0.741176486
vb0[86]+000 TEXCOORD3: 0.168627456, 0.717647076, 0.149019614, 0.741176486
vb0[86]+024 TANGENT: -0.282300115, 0.312695026, 0.906933606, -1

vb0[87]+000 POSITION: -0.0429590307, 1.38688016, 0.0939503536
vb0[87]+012 NORMAL: -0.239696577, -0.0352549665, 0.970207512
vb0[87]+000 COLOR: 0.811764717, 0.960784316, 0.184313729, 0.741176486
vb0[87]+000 TEXCOORD: 0.811764717, 0.960784316, 0.184313729, 0.741176486
vb0[87]+000 TEXCOORD1: 0.811764717, 0.960784316, 0.184313729, 0.741176486
vb0[87]+000 TEXCOORD2: 0.811764717, 0.960784316, 0.184313729, 0.741176486
vb0[87]+000 TEXCOORD3: 0.811764717, 0.960784316, 0.184313729, 0.741176486
vb0[87]+024 TANGENT: -0.295616627, 0.0964971855, 0.950420499, -1

vb0[88]+000 POSITION: -0.0435224995, 1.3878808, 0.093609646
vb0[88]+012 NORMAL: -0.366616905, 0.268646598, 0.890741885
vb0[88]+000 COLOR: 0.650980413, 0.266666681, 0.196078435, 0.741176486
vb0[88]+000 TEXCOORD: 0.650980413, 0.266666681, 0.196078435, 0.741176486
vb0[88]+000 TEXCOORD1: 0.650980413, 0.266666681, 0.196078435, 0.741176486
vb0[88]+000 TEXCOORD2: 0.650980413, 0.266666681, 0.196078435, 0.741176486
vb0[88]+000 TEXCOORD3: 0.650980413, 0.266666681, 0.196078435, 0.741176486
vb0[88]+024 TANGENT: -0.367861062, 0.267862231, 0.89046514, -1

vb0[89]+000 POSITION: -0.0451175682, 1.38554621, 0.0933189541
vb0[89]+012 NORMAL: -0.271261066, -0.0533409007, 0.961026728
vb0[89]+000 COLOR: 0.200000003, 0.80392158, 0.219607845, 0.741176486
vb0[89]+000 TEXCOORD: 0.200000003, 0.80392158, 0.219607845, 0.741176486
vb0[89]+000 TEXCOORD1: 0.200000003, 0.80392158, 0.219607845, 0.741176486
vb0[89]+000 TEXCOORD2: 0.200000003, 0.80392158, 0.219607845, 0.741176486
vb0[89]+000 TEXCOORD3: 0.200000003, 0.80392158, 0.219607845, 0.741176486
vb0[89]+024 TANGENT: -0.353559375, 0.0558784008, 0.933741629, -1

vb0[90]+000 POSITION: -0.0458800085, 1.38642347, 0.0929206759
vb0[90]+012 NORMAL: -0.455353349, 0.195418373, 0.868599355
vb0[90]+000 COLOR: 0.678431392, 0.925490201, 0.23137255, 0.741176486
vb0[90]+000 TEXCOORD: 0.678431392, 0.925490201, 0.23137255, 0.741176486
vb0[90]+000 TEXCOORD1: 0.678431392, 0.925490201, 0.23137255, 0.741176486
vb0[90]+000 TEXCOORD2: 0.678431392, 0.925490201, 0.23137255, 0.741176486
vb0[90]+000 TEXCOORD3: 0.678431392, 0.925490201, 0.23137255, 0.741176486
vb0[90]+024 TANGENT: -0.456723273, 0.194034249, 0.868190467, -1

vb0[91]+000 POSITION: -0.0466491506, 1.38379729, 0.0927338228
vb0[91]+012 NORMAL: -0.293986708, -0.0822069421, 0.952267826
vb0[91]+000 COLOR: 0.180392161, 0.0745098069, 0.247058824, 0.741176486
vb0[91]+000 TEXCOORD: 0.180392161, 0.0745098069, 0.247058824, 0.741176486
vb0[91]+000 TEXCOORD1: 0.180392161, 0.0745098069, 0.247058824, 0.741176486
vb0[91]+000 TEXCOORD2: 0.180392161, 0.0745098069, 0.247058824, 0.741176486
vb0[91]+000 TEXCOORD3: 0.180392161, 0.0745098069, 0.247058824, 0.741176486
vb0[91]+024 TANGENT: -0.394253343, 0, 0.919001818, -1

vb0[92]+000 POSITION: -0.0475607477, 1.38450563, 0.0922784805
vb0[92]+012 NORMAL: -0.524003625, 0.111295789, 0.844413042
vb0[92]+000 COLOR: 0.0588235296, 0.811764717, 0.258823544, 0.741176486
vb0[92]+000 TEXCOORD: 0.0588235296, 0.811764717, 0.258823544, 0.741176486
vb0[92]+000 TEXCOORD1: 0.0588235296, 0.811764717, 0.258823544, 0.741176486
vb0[92]+000 TEXCOORD2: 0.0588235296, 0.811764717, 0.258823544, 0.741176486
vb0[92]+000 TEXCOORD3: 0.0588235296, 0.811764717, 0.258823544, 0.741176486
vb0[92]+024 TANGENT: -0.524276078, 0.110866189, 0.844300449, -1

vb0[93]+000 POSITION: -0.0477604717, 1.38182831, 0.0921791941
vb0[93]+012 NORMAL: -0.316034615, -0.11682234, 0.941527843
vb0[93]+000 COLOR: 0.486274511, 0.627451003, 0.262745112, 0.741176486
vb0[93]+000 TEXCOORD: 0.486274511, 0.627451003, 0.262745112, 0.741176486
vb0[93]+000 TEXCOORD1: 0.486274511, 0.627451003, 0.262745112, 0.741176486
vb0[93]+000 TEXCOORD2: 0.486274511, 0.627451003, 0.262745112, 0.741176486
vb0[93]+000 TEXCOORD3: 0.486274511, 0.627451003, 0.262745112, 0.741176486
vb0[93]+024 TANGENT: -0.427806824, -0.0614919029, 0.901776075, -1

vb0[94]+000 POSITION: -0.0487703979, 1.38236296, 0.0916738957
vb0[94]+012 NORMAL: -0.570256472, 0.0165475029, 0.82130003
vb0[94]+000 COLOR: 0.470588237, 0.764705896, 0.278431386, 0.741176486
vb0[94]+000 TEXCOORD: 0.470588237, 0.764705896, 0.278431386, 0.741176486
vb0[94]+000 TEXCOORD1: 0.470588237, 0.764705896, 0.278431386, 0.741176486
vb0[94]+000 TEXCOORD2: 0.470588237, 0.764705896, 0.278431386, 0.741176486
vb0[94]+000 TEXCOORD3: 0.470588237, 0.764705896, 0.278431386, 0.741176486
vb0[94]+024 TANGENT: -0.570572793, 0.0157209635, 0.821096539, -1

vb0[95]+000 POSITION: -0.0493800491, 1.38005733, 0.0911109075
vb0[95]+012 NORMAL: -0.597579777, -0.0786003768, 0.797947645
vb0[95]+000 COLOR: 0.737254918, 0.258823544, 0.290196091, 0.741176486
vb0[95]+000 TEXCOORD: 0.737254918, 0.258823544, 0.290196091, 0.741176486
vb0[95]+000 TEXCOORD1: 0.737254918, 0.258823544, 0.290196091, 0.741176486
vb0[95]+000 TEXCOORD2: 0.737254918, 0.258823544, 0.290196091, 0.741176486
vb0[95]+000 TEXCOORD3: 0.737254918, 0.258823544, 0.290196091, 0.741176486
vb0[95]+024 TANGENT: -0.59755528, -0.0784481168, 0.797980964, -1

vb0[96]+000 POSITION: -0.0483207591, 1.37971163, 0.0916610509
vb0[96]+012 NORMAL: -0.328530669, -0.153838873, 0.931880474
vb0[96]+000 COLOR: 0.992156863, 0.921568632, 0.270588249, 0.741176486
vb0[96]+000 TEXCOORD: 0.992156863, 0.921568632, 0.270588249, 0.741176486
vb0[96]+000 TEXCOORD1: 0.992156863, 0.921568632, 0.270588249, 0.741176486
vb0[96]+000 TEXCOORD2: 0.992156863, 0.921568632, 0.270588249, 0.741176486
vb0[96]+000 TEXCOORD3: 0.992156863, 0.921568632, 0.270588249, 0.741176486
vb0[96]+024 TANGENT: -0.444280773, -0.124531806, 0.887190223, -1

vb0[97]+000 POSITION: -0.0495561585, 1.37766111, 0.0906235352
vb0[97]+012 NORMAL: -0.602971554, -0.130372941, 0.787037611
vb0[97]+000 COLOR: 0.400000006, 0.984313726, 0.290196091, 0.741176486
vb0[97]+000 TEXCOORD: 0.400000006, 0.984313726, 0.290196091, 0.741176486
vb0[97]+000 TEXCOORD1: 0.400000006, 0.984313726, 0.290196091, 0.741176486
vb0[97]+000 TEXCOORD2: 0.400000006, 0.984313726, 0.290196091, 0.741176486
vb0[97]+000 TEXCOORD3: 0.400000006, 0.984313726, 0.290196091, 0.741176486
vb0[97]+024 TANGENT: -0.602971911, -0.130359724, 0.787039518, -1

vb0[98]+000 POSITION: -0.0484837554, 1.37746644, 0.0912022069
vb0[98]+012 NORMAL: -0.328310192, -0.162311316, 0.930519998
vb0[98]+000 COLOR: 0.905882359, 0.588235319, 0.274509817, 0.741176486
vb0[98]+000 TEXCOORD: 0.905882359, 0.588235319, 0.274509817, 0.741176486
vb0[98]+000 TEXCOORD1: 0.905882359, 0.588235319, 0.274509817, 0.741176486
vb0[98]+000 TEXCOORD2: 0.905882359, 0.588235319, 0.274509817, 0.741176486
vb0[98]+000 TEXCOORD3: 0.905882359, 0.588235319, 0.274509817, 0.741176486
vb0[98]+024 TANGENT: -0.444114923, -0.151442528, 0.883078218, -1

vb0[99]+000 POSITION: -0.0494684875, 1.37522864, 0.0902449787
vb0[99]+012 NORMAL: -0.601381481, -0.156648085, 0.783455014
vb0[99]+000 COLOR: 0.470588237, 0.623529434, 0.290196091, 0.741176486
vb0[99]+000 TEXCOORD: 0.470588237, 0.623529434, 0.290196091, 0.741176486
vb0[99]+000 TEXCOORD1: 0.470588237, 0.623529434, 0.290196091, 0.741176486
vb0[99]+000 TEXCOORD2: 0.470588237, 0.623529434, 0.290196091, 0.741176486
vb0[99]+000 TEXCOORD3: 0.470588237, 0.623529434, 0.290196091, 0.741176486
vb0[99]+024 TANGENT: -0.601373196, -0.156730533, 0.783444822, -1

vb0[100]+000 POSITION: -0.0483998284, 1.37518418, 0.0908444375
vb0[100]+012 NORMAL: -0.329878747, -0.147573113, 0.932417393
vb0[100]+000 COLOR: 0.90196079, 0.243137255, 0.274509817, 0.741176486
vb0[100]+000 TEXCOORD: 0.90196079, 0.243137255, 0.274509817, 0.741176486
vb0[100]+000 TEXCOORD1: 0.90196079, 0.243137255, 0.274509817, 0.741176486
vb0[100]+000 TEXCOORD2: 0.90196079, 0.243137255, 0.274509817, 0.741176486
vb0[100]+000 TEXCOORD3: 0.90196079, 0.243137255, 0.274509817, 0.741176486
vb0[100]+024 TANGENT: -0.445420533, -0.153337136, 0.882093132, -1

vb0[101]+000 POSITION: -0.049060259, 1.37282097, 0.0900356248
vb0[101]+012 NORMAL: -0.597383022, -0.186417356, 0.779988587
vb0[101]+000 COLOR: 0.411764711, 0.952941179, 0.282352954, 0.741176486
vb0[101]+000 TEXCOORD: 0.411764711, 0.952941179, 0.282352954, 0.741176486
vb0[101]+000 TEXCOORD1: 0.411764711, 0.952941179, 0.282352954, 0.741176486
vb0[101]+000 TEXCOORD2: 0.411764711, 0.952941179, 0.282352954, 0.741176486
vb0[101]+000 TEXCOORD3: 0.411764711, 0.952941179, 0.282352954, 0.741176486
vb0[101]+024 TANGENT: -0.597380042, -0.186435357, 0.779986501, -1

vb0[102]+000 POSITION: -0.04801796, 1.37293434, 0.0906496122
vb0[102]+012 NORMAL: -0.331378728, -0.133607969, 0.933989823
vb0[102]+000 COLOR: 0.482352942, 0.68235296, 0.266666681, 0.741176486
vb0[102]+000 TEXCOORD: 0.482352942, 0.68235296, 0.266666681, 0.741176486
vb0[102]+000 TEXCOORD1: 0.482352942, 0.68235296, 0.266666681, 0.741176486
vb0[102]+000 TEXCOORD2: 0.482352942, 0.68235296, 0.266666681, 0.741176486
vb0[102]+000 TEXCOORD3: 0.482352942, 0.68235296, 0.266666681, 0.741176486
vb0[102]+024 TANGENT: -0.444531918, -0.157435417, 0.881819308, -1

vb0[103]+000 POSITION: -0.0483514778, 1.3704648, 0.0899561495
vb0[103]+012 NORMAL: -0.589109957, -0.224615812, 0.776206851
vb0[103]+000 COLOR: 0.200000003, 0.0470588244, 0.274509817, 0.741176486
vb0[103]+000 TEXCOORD: 0.200000003, 0.0470588244, 0.274509817, 0.741176486
vb0[103]+000 TEXCOORD1: 0.200000003, 0.0470588244, 0.274509817, 0.741176486
vb0[103]+000 TEXCOORD2: 0.200000003, 0.0470588244, 0.274509817, 0.741176486
vb0[103]+000 TEXCOORD3: 0.200000003, 0.0470588244, 0.274509817, 0.741176486
vb0[103]+024 TANGENT: -0.589004159, -0.225013003, 0.776172161, -1

vb0[104]+000 POSITION: -0.0473571196, 1.37072873, 0.0905766264
vb0[104]+012 NORMAL: -0.334228694, -0.128962249, 0.933627248
vb0[104]+000 COLOR: 0.541176498, 0.97647059, 0.254901975, 0.741176486
vb0[104]+000 TEXCOORD: 0.541176498, 0.97647059, 0.254901975, 0.741176486
vb0[104]+000 TEXCOORD1: 0.541176498, 0.97647059, 0.254901975, 0.741176486
vb0[104]+000 TEXCOORD2: 0.541176498, 0.97647059, 0.254901975, 0.741176486
vb0[104]+000 TEXCOORD3: 0.541176498, 0.97647059, 0.254901975, 0.741176486
vb0[104]+024 TANGENT: -0.443971694, -0.171250895, 0.879523933, -1

vb0[105]+000 POSITION: -0.0473379903, 1.36827826, 0.0900176987
vb0[105]+012 NORMAL: -0.57095623, -0.275161505, 0.773495495
vb0[105]+000 COLOR: 0.482352942, 0.898039222, 0.254901975, 0.741176486
vb0[105]+000 TEXCOORD: 0.482352942, 0.898039222, 0.254901975, 0.741176486
vb0[105]+000 TEXCOORD1: 0.482352942, 0.898039222, 0.254901975, 0.741176486
vb0[105]+000 TEXCOORD2: 0.482352942, 0.898039222, 0.254901975, 0.741176486
vb0[105]+000 TEXCOORD3: 0.482352942, 0.898039222, 0.254901975, 0.741176486
vb0[105]+024 TANGENT: -0.570609093, -0.275949001, 0.773470998, -1

vb0[106]+000 POSITION: -0.0464217253, 1.36870265, 0.0906359479
vb0[106]+012 NORMAL: -0.33429867, -0.131767958, 0.933210433
vb0[106]+000 COLOR: 0.709803939, 0.141176477, 0.243137255, 0.741176486
vb0[106]+000 TEXCOORD: 0.709803939, 0.141176477, 0.243137255, 0.741176486
vb0[106]+000 TEXCOORD1: 0.709803939, 0.141176477, 0.243137255, 0.741176486
vb0[106]+000 TEXCOORD2: 0.709803939, 0.141176477, 0.243137255, 0.741176486
vb0[106]+000 TEXCOORD3: 0.709803939, 0.141176477, 0.243137255, 0.741176486
vb0[106]+024 TANGENT: -0.43765676, -0.195755407, 0.877574205, -1

vb0[107]+000 POSITION: -0.0460008979, 1.3663559, 0.0902125016
vb0[107]+012 NORMAL: -0.534755468, -0.339076251, 0.773992121
vb0[107]+000 COLOR: 0.43921569, 0.419607848, 0.235294119, 0.741176486
vb0[107]+000 TEXCOORD: 0.43921569, 0.419607848, 0.235294119, 0.741176486
vb0[107]+000 TEXCOORD1: 0.43921569, 0.419607848, 0.235294119, 0.741176486
vb0[107]+000 TEXCOORD2: 0.43921569, 0.419607848, 0.235294119, 0.741176486
vb0[107]+000 TEXCOORD3: 0.43921569, 0.419607848, 0.235294119, 0.741176486
vb0[107]+024 TANGENT: -0.534377635, -0.339615762, 0.774016559, -1

vb0[108]+000 POSITION: -0.0452151485, 1.36695993, 0.0908134505
vb0[108]+012 NORMAL: -0.332892209, -0.138593704, 0.932724297
vb0[108]+000 COLOR: 0.521568656, 0.200000003, 0.223529413, 0.741176486
vb0[108]+000 TEXCOORD: 0.521568656, 0.200000003, 0.223529413, 0.741176486
vb0[108]+000 TEXCOORD1: 0.521568656, 0.200000003, 0.223529413, 0.741176486
vb0[108]+000 TEXCOORD2: 0.521568656, 0.200000003, 0.223529413, 0.741176486
vb0[108]+000 TEXCOORD3: 0.521568656, 0.200000003, 0.223529413, 0.741176486
vb0[108]+024 TANGENT: -0.42342186, -0.229838669, 0.876292229, -1

vb0[109]+000 POSITION: -0.044287838, 1.36481357, 0.0905854329
vb0[109]+012 NORMAL: -0.471450657, -0.410333186, 0.780615807
vb0[109]+000 COLOR: 0.164705887, 0.403921574, 0.20784314, 0.741176486
vb0[109]+000 TEXCOORD: 0.164705887, 0.403921574, 0.20784314, 0.741176486
vb0[109]+000 TEXCOORD1: 0.164705887, 0.403921574, 0.20784314, 0.741176486
vb0[109]+000 TEXCOORD2: 0.164705887, 0.403921574, 0.20784314, 0.741176486
vb0[109]+000 TEXCOORD3: 0.164705887, 0.403921574, 0.20784314, 0.741176486
vb0[109]+024 TANGENT: -0.47273466, -0.409165829, 0.780451953, -1

vb0[110]+000 POSITION: -0.0436696298, 1.36556792, 0.0911539346
vb0[110]+012 NORMAL: -0.314508229, -0.151022092, 0.937164247
vb0[110]+000 COLOR: 0.929411769, 0.870588243, 0.196078435, 0.741176486
vb0[110]+000 TEXCOORD: 0.929411769, 0.870588243, 0.196078435, 0.741176486
vb0[110]+000 TEXCOORD1: 0.929411769, 0.870588243, 0.196078435, 0.741176486
vb0[110]+000 TEXCOORD2: 0.929411769, 0.870588243, 0.196078435, 0.741176486
vb0[110]+000 TEXCOORD3: 0.929411769, 0.870588243, 0.196078435, 0.741176486
vb0[110]+024 TANGENT: -0.385533571, -0.267710894, 0.883003294, -1

vb0[111]+000 POSITION: -0.0421285667, 1.36358559, 0.0910668895
vb0[111]+012 NORMAL: -0.384685099, -0.473888189, 0.792115748
vb0[111]+000 COLOR: 0.00392156886, 0.56078434, 0.172549024, 0.741176486
vb0[111]+000 TEXCOORD: 0.00392156886, 0.56078434, 0.172549024, 0.741176486
vb0[111]+000 TEXCOORD1: 0.00392156886, 0.56078434, 0.172549024, 0.741176486
vb0[111]+000 TEXCOORD2: 0.00392156886, 0.56078434, 0.172549024, 0.741176486
vb0[111]+000 TEXCOORD3: 0.00392156886, 0.56078434, 0.172549024, 0.741176486
vb0[111]+024 TANGENT: -0.384521604, -0.473982126, 0.792138934, -1

vb0[112]+000 POSITION: -0.0416881777, 1.36444104, 0.0915958285
vb0[112]+012 NORMAL: -0.283034354, -0.169198319, 0.944067478
vb0[112]+000 COLOR: 0.223529413, 0.75686276, 0.164705887, 0.741176486
vb0[112]+000 TEXCOORD: 0.223529413, 0.75686276, 0.164705887, 0.741176486
vb0[112]+000 TEXCOORD1: 0.223529413, 0.75686276, 0.164705887, 0.741176486
vb0[112]+000 TEXCOORD2: 0.223529413, 0.75686276, 0.164705887, 0.741176486
vb0[112]+000 TEXCOORD3: 0.223529413, 0.75686276, 0.164705887, 0.741176486
vb0[112]+024 TANGENT: -0.328301311, -0.308683544, 0.892710924, -1

vb0[113]+000 POSITION: -0.0397092924, 1.36287951, 0.0916163549
vb0[113]+012 NORMAL: -0.287564874, -0.51884526, 0.805050373
vb0[113]+000 COLOR: 0.211764708, 0.650980413, 0.13333334, 0.741176486
vb0[113]+000 TEXCOORD: 0.211764708, 0.650980413, 0.13333334, 0.741176486
vb0[113]+000 TEXCOORD1: 0.211764708, 0.650980413, 0.13333334, 0.741176486
vb0[113]+000 TEXCOORD2: 0.211764708, 0.650980413, 0.13333334, 0.741176486
vb0[113]+000 TEXCOORD3: 0.211764708, 0.650980413, 0.13333334, 0.741176486
vb0[113]+024 TANGENT: -0.286672086, -0.519140065, 0.805178642, -1

vb0[114]+000 POSITION: -0.0394543484, 1.36378908, 0.0921032131
vb0[114]+012 NORMAL: -0.250742137, -0.178704962, 0.951416314
vb0[114]+000 COLOR: 0.886274517, 0.603921592, 0.129411772, 0.741176486
vb0[114]+000 TEXCOORD: 0.886274517, 0.603921592, 0.129411772, 0.741176486
vb0[114]+000 TEXCOORD1: 0.886274517, 0.603921592, 0.129411772, 0.741176486
vb0[114]+000 TEXCOORD2: 0.886274517, 0.603921592, 0.129411772, 0.741176486
vb0[114]+000 TEXCOORD3: 0.886274517, 0.603921592, 0.129411772, 0.741176486
vb0[114]+024 TANGENT: -0.266702443, -0.333149284, 0.904367983, -1

vb0[115]+000 POSITION: -0.0372382812, 1.36266291, 0.0921863094
vb0[115]+012 NORMAL: -0.185728967, -0.5420627, 0.819556475
vb0[115]+000 COLOR: 0.168627456, 0.529411793, 0.0941176489, 0.741176486
vb0[115]+000 TEXCOORD: 0.168627456, 0.529411793, 0.0941176489, 0.741176486
vb0[115]+000 TEXCOORD1: 0.168627456, 0.529411793, 0.0941176489, 0.741176486
vb0[115]+000 TEXCOORD2: 0.168627456, 0.529411793, 0.0941176489, 0.741176486
vb0[115]+000 TEXCOORD3: 0.168627456, 0.529411793, 0.0941176489, 0.741176486
vb0[115]+024 TANGENT: -0.184482694, -0.542212248, 0.819738984, -1

vb0[116]+000 POSITION: -0.0371676199, 1.36358869, 0.0926306024
vb0[116]+012 NORMAL: -0.218345016, -0.183492228, 0.958465517
vb0[116]+000 COLOR: 0.0745098069, 0.239215687, 0.0941176489, 0.741176486
vb0[116]+000 TEXCOORD: 0.0745098069, 0.239215687, 0.0941176489, 0.741176486
vb0[116]+000 TEXCOORD1: 0.0745098069, 0.239215687, 0.0941176489, 0.741176486
vb0[116]+000 TEXCOORD2: 0.0745098069, 0.239215687, 0.0941176489, 0.741176486
vb0[116]+000 TEXCOORD3: 0.0745098069, 0.239215687, 0.0941176489, 0.741176486
vb0[116]+024 TANGENT: -0.2020583, -0.347536504, 0.915636837, -1

vb0[117]+000 POSITION: -0.0348216705, 1.36297989, 0.0927529633
vb0[117]+012 NORMAL: -0.0780944601, -0.545670033, 0.834353387
vb0[117]+000 COLOR: 0.168627456, 0.631372571, 0.0549019612, 0.741176486
vb0[117]+000 TEXCOORD: 0.168627456, 0.631372571, 0.0549019612, 0.741176486
vb0[117]+000 TEXCOORD1: 0.168627456, 0.631372571, 0.0549019612, 0.741176486
vb0[117]+000 TEXCOORD2: 0.168627456, 0.631372571, 0.0549019612, 0.741176486
vb0[117]+000 TEXCOORD3: 0.168627456, 0.631372571, 0.0549019612, 0.741176486
vb0[117]+024 TANGENT: -0.077887781, -0.545653999, 0.83438319, -1

vb0[118]+000 POSITION: -0.034925878, 1.3638829, 0.093156442
vb0[118]+012 NORMAL: -0.185042247, -0.17997852, 0.966109276
vb0[118]+000 COLOR: 0.43921569, 0.0549019612, 0.0588235296, 0.741176486
vb0[118]+000 TEXCOORD: 0.43921569, 0.0549019612, 0.0588235296, 0.741176486
vb0[118]+000 TEXCOORD1: 0.43921569, 0.0549019612, 0.0588235296, 0.741176486
vb0[118]+000 TEXCOORD2: 0.43921569, 0.0549019612, 0.0588235296, 0.741176486
vb0[118]+000 TEXCOORD3: 0.43921569, 0.0549019612, 0.0588235296, 0.741176486
vb0[118]+024 TANGENT: -0.136743426, -0.345724106, 0.928318977, -1

vb0[119]+000 POSITION: -0.032467559, 1.36373746, 0.0933036953
vb0[119]+012 NORMAL: 0.0159854554, -0.530381501, 0.847608387
vb0[119]+000 COLOR: 0.70588237, 0.988235295, 0.0156862754, 0.741176486
vb0[119]+000 TEXCOORD: 0.70588237, 0.988235295, 0.0156862754, 0.741176486
vb0[119]+000 TEXCOORD1: 0.70588237, 0.988235295, 0.0156862754, 0.741176486
vb0[119]+000 TEXCOORD2: 0.70588237, 0.988235295, 0.0156862754, 0.741176486
vb0[119]+000 TEXCOORD3: 0.70588237, 0.988235295, 0.0156862754, 0.741176486
vb0[119]+024 TANGENT: 0.0182781797, -0.529754996, 0.847953737, -1

vb0[120]+000 POSITION: -0.0327272303, 1.36459017, 0.0936704054
vb0[120]+012 NORMAL: -0.157960534, -0.173294172, 0.972120106
vb0[120]+000 COLOR: 0.992156863, 0.0470588244, 0.0235294122, 0.741176486
vb0[120]+000 TEXCOORD: 0.992156863, 0.0470588244, 0.0235294122, 0.741176486
vb0[120]+000 TEXCOORD1: 0.992156863, 0.0470588244, 0.0235294122, 0.741176486
vb0[120]+000 TEXCOORD2: 0.992156863, 0.0470588244, 0.0235294122, 0.741176486
vb0[120]+000 TEXCOORD3: 0.992156863, 0.0470588244, 0.0235294122, 0.741176486
vb0[120]+024 TANGENT: -0.0782295465, -0.335325032, 0.938848972, -1

vb0[121]+000 POSITION: -0.03042477, 1.36483765, 0.0938026905
vb0[121]+012 NORMAL: 0.121559322, -0.48724848, 0.864761353
vb0[121]+000 COLOR: 0.368627459, 0.239215687, 0.97647059, 0.737254918
vb0[121]+000 TEXCOORD: 0.368627459, 0.239215687, 0.97647059, 0.737254918
vb0[121]+000 TEXCOORD1: 0.368627459, 0.239215687, 0.97647059, 0.737254918
vb0[121]+000 TEXCOORD2: 0.368627459, 0.239215687, 0.97647059, 0.737254918
vb0[121]+000 TEXCOORD3: 0.368627459, 0.239215687, 0.97647059, 0.737254918
vb0[121]+024 TANGENT: 0.122435518, -0.486767381, 0.864908755, -1

vb0[122]+000 POSITION: -0.0308652297, 1.36559248, 0.0941242874
vb0[122]+012 NORMAL: -0.130515605, -0.164017811, 0.97778523
vb0[122]+000 COLOR: 0.0784313753, 0.850980401, 0.988235295, 0.737254918
vb0[122]+000 TEXCOORD: 0.0784313753, 0.850980401, 0.988235295, 0.737254918
vb0[122]+000 TEXCOORD1: 0.0784313753, 0.850980401, 0.988235295, 0.737254918
vb0[122]+000 TEXCOORD2: 0.0784313753, 0.850980401, 0.988235295, 0.737254918
vb0[122]+000 TEXCOORD3: 0.0784313753, 0.850980401, 0.988235295, 0.737254918
vb0[122]+024 TANGENT: -0.0128822317, -0.312853098, 0.949714065, -1

vb0[123]+000 POSITION: -0.0287156906, 1.36643684, 0.0942623019
vb0[123]+012 NORMAL: 0.228245497, -0.410212159, 0.882966578
vb0[123]+000 COLOR: 0.168627456, 0.239215687, 0.921568632, 0.737254918
vb0[123]+000 TEXCOORD: 0.168627456, 0.239215687, 0.921568632, 0.737254918
vb0[123]+000 TEXCOORD1: 0.168627456, 0.239215687, 0.921568632, 0.737254918
vb0[123]+000 TEXCOORD2: 0.168627456, 0.239215687, 0.921568632, 0.737254918
vb0[123]+000 TEXCOORD3: 0.168627456, 0.239215687, 0.921568632, 0.737254918
vb0[123]+024 TANGENT: 0.227671891, -0.410774589, 0.88285321, -1

vb0[124]+000 POSITION: -0.0293242987, 1.36703575, 0.0945381299
vb0[124]+012 NORMAL: -0.106574148, -0.144259155, 0.983784199
vb0[124]+000 COLOR: 0.513725519, 0.223529413, 0.941176474, 0.737254918
vb0[124]+000 TEXCOORD: 0.513725519, 0.223529413, 0.941176474, 0.737254918
vb0[124]+000 TEXCOORD1: 0.513725519, 0.223529413, 0.941176474, 0.737254918
vb0[124]+000 TEXCOORD2: 0.513725519, 0.223529413, 0.941176474, 0.737254918
vb0[124]+000 TEXCOORD3: 0.513725519, 0.223529413, 0.941176474, 0.737254918
vb0[124]+024 TANGENT: 0.0455816351, -0.266379714, 0.962789774, -1

vb0[125]+000 POSITION: -0.0273551419, 1.36846125, 0.094670549
vb0[125]+012 NORMAL: 0.296791852, -0.328949332, 0.896497071
vb0[125]+000 COLOR: 0.894117653, 0.0901960805, 0.87843138, 0.737254918
vb0[125]+000 TEXCOORD: 0.894117653, 0.0901960805, 0.87843138, 0.737254918
vb0[125]+000 TEXCOORD1: 0.894117653, 0.0901960805, 0.87843138, 0.737254918
vb0[125]+000 TEXCOORD2: 0.894117653, 0.0901960805, 0.87843138, 0.737254918
vb0[125]+000 TEXCOORD3: 0.894117653, 0.0901960805, 0.87843138, 0.737254918
vb0[125]+024 TANGENT: 0.296451449, -0.329486549, 0.896412373, -1

vb0[126]+000 POSITION: -0.0280704591, 1.36890328, 0.0949131027
vb0[126]+012 NORMAL: -0.0933991373, -0.125464395, 0.98769182
vb0[126]+000 COLOR: 0.0196078438, 0.956862748, 0.898039222, 0.737254918
vb0[126]+000 TEXCOORD: 0.0196078438, 0.956862748, 0.898039222, 0.737254918
vb0[126]+000 TEXCOORD1: 0.0196078438, 0.956862748, 0.898039222, 0.737254918
vb0[126]+000 TEXCOORD2: 0.0196078438, 0.956862748, 0.898039222, 0.737254918
vb0[126]+000 TEXCOORD3: 0.0196078438, 0.956862748, 0.898039222, 0.737254918
vb0[126]+024 TANGENT: 0.0800330564, -0.21859102, 0.972528994, -1

vb0[127]+000 POSITION: -0.0263125505, 1.37075973, 0.0950427577
vb0[127]+012 NORMAL: 0.333504915, -0.260118127, 0.906152904
vb0[127]+000 COLOR: 0.419607848, 0.552941203, 0.843137264, 0.737254918
vb0[127]+000 TEXCOORD: 0.419607848, 0.552941203, 0.843137264, 0.737254918
vb0[127]+000 TEXCOORD1: 0.419607848, 0.552941203, 0.843137264, 0.737254918
vb0[127]+000 TEXCOORD2: 0.419607848, 0.552941203, 0.843137264, 0.737254918
vb0[127]+000 TEXCOORD3: 0.419607848, 0.552941203, 0.843137264, 0.737254918
vb0[127]+024 TANGENT: 0.333305895, -0.260593444, 0.906089485, -1

vb0[128]+000 POSITION: -0.0270906799, 1.37106562, 0.0952620506
vb0[128]+012 NORMAL: -0.0884050801, -0.113380373, 0.989610791
vb0[128]+000 COLOR: 0.274509817, 0.929411769, 0.866666675, 0.737254918
vb0[128]+000 TEXCOORD: 0.274509817, 0.929411769, 0.866666675, 0.737254918
vb0[128]+000 TEXCOORD1: 0.274509817, 0.929411769, 0.866666675, 0.737254918
vb0[128]+000 TEXCOORD2: 0.274509817, 0.929411769, 0.866666675, 0.737254918
vb0[128]+000 TEXCOORD3: 0.274509817, 0.929411769, 0.866666675, 0.737254918
vb0[128]+024 TANGENT: 0.0972689986, -0.180982634, 0.978664398, -1

vb0[129]+000 POSITION: -0.0372803211, 1.3759805, 0.0939528048
vb0[129]+012 NORMAL: -0.205103204, -0.105710961, 0.973014832
vb0[129]+000 COLOR: 0.250980407, 0.701960802, 0.0941176489, 0.741176486
vb0[129]+000 TEXCOORD: 0.250980407, 0.701960802, 0.0941176489, 0.741176486
vb0[129]+000 TEXCOORD1: 0.250980407, 0.701960802, 0.0941176489, 0.741176486
vb0[129]+000 TEXCOORD2: 0.250980407, 0.701960802, 0.0941176489, 0.741176486
vb0[129]+000 TEXCOORD3: 0.250980407, 0.701960802, 0.0941176489, 0.741176486
vb0[129]+024 TANGENT: -0.206818685, -0.10599947, 0.972620189, -1
