byte offset: 0
first index: 0
index count: 6894
topology: trianglelist
format: DXGI_FORMAT_R16_UINT

0 1 2
1 3 2
3 4 2
4 0 2
5 4 3
5 6 4
7 1 0
4 6 8
0 4 8
9 6 5
10 9 5
3 10 5
10 3 11
3 1 11
12 10 11
13 12 11
1 13 11
13 1 14
14 1 15
1 7 15
14 15 16
16 15 17
16 17 18
15 19 17
19 15 7
20 16 18
20 14 16
14 21 13
21 22 13
12 13 22
23 22 21
23 21 24
14 20 24
21 14 24
20 25 24
25 23 24
23 25 26
18 27 20
25 20 27
28 26 25
27 28 25
28 27 29
30 29 27
27 18 30
30 18 31
18 32 31
32 18 17
17 33 32
34 32 33
34 31 32
19 35 33
35 34 33
31 34 36
36 30 31
36 34 37
38 36 37
30 36 38
37 39 38
34 35 40
41 40 35
40 41 42
42 43 40
35 44 41
35 7 44
45 41 44
7 46 44
44 47 45
47 44 46
46 48 47
49 40 43
7 35 19
43 42 50
51 50 42
42 52 51
41 45 52
52 42 41
53 52 45
45 54 53
54 45 47
47 55 54
55 47 48
56 43 50
50 57 56
54 58 53
55 59 54
58 54 59
50 51 60
52 60 51
57 50 60
60 52 61
52 62 61
52 53 62
58 62 53
60 63 57
62 63 61
63 60 61
62 58 64
63 62 64
59 55 65
55 66 65
66 55 67
55 68 67
68 66 67
66 68 69
70 66 69
71 65 66
70 71 66
68 72 69
69 72 73
73 70 69
73 72 74
75 73 74
70 73 75
75 76 70
72 68 48
72 48 77
48 78 77
78 6 77
79 77 6
77 79 72
79 74 72
74 79 80
9 80 79
6 9 79
80 81 74
81 75 74
75 81 82
82 76 75
83 82 81
76 82 84
85 84 82
82 83 85
84 86 76
87 76 86
86 88 87
89 76 87
90 88 86
91 90 86
86 84 91
92 90 91
92 91 93
91 94 93
84 85 94
94 91 84
95 93 94
94 96 95
96 94 85
96 85 97
85 98 97
99 97 98
98 100 99
101 99 100
99 101 97
101 100 102
103 97 101
103 96 97
104 103 101
102 104 101
104 102 105
106 105 102
100 107 102
107 106 102
100 98 107
106 107 80
83 107 98
95 96 108
103 108 96
108 103 109
110 109 103
103 104 110
111 110 104
111 112 110
109 110 112
112 113 109
114 112 111
114 115 112
113 112 115
113 115 116
115 114 116
111 117 114
114 117 118
118 116 114
117 119 118
119 120 118
111 121 117
121 119 117
120 122 118
116 118 122
116 123 113
123 116 122
109 124 108
124 113 123
124 125 108
122 126 123
126 127 123
127 124 123
125 124 127
126 128 127
128 125 127
120 119 129
130 120 129
119 131 129
132 129 131
129 132 130
133 131 119
119 121 133
133 121 134
135 134 121
134 135 136
135 104 136
137 132 131
138 132 137
138 130 132
133 139 131
140 139 133
133 141 140
141 133 134
141 134 142
134 143 142
143 134 136
136 105 143
105 136 104
144 143 105
145 138 137
145 131 139
131 145 137
105 106 144
144 106 146
146 147 144
143 144 147
148 143 147
143 148 142
149 142 148
142 149 141
150 141 149
150 140 141
151 150 149
148 151 149
151 148 152
152 153 151
153 152 154
155 154 152
152 156 155
148 157 152
156 152 157
147 146 157
157 148 147
158 157 146
157 158 156
146 9 158
9 146 106
154 159 153
159 154 160
161 153 159
153 161 151
161 150 151
154 162 160
162 154 155
155 163 162
156 163 155
163 156 164
158 164 156
164 158 10
9 10 158
12 163 164
10 12 164
160 165 159
165 161 159
165 160 166
161 165 167
160 168 166
168 160 162
163 168 162
169 166 168
170 169 168
168 163 170
163 12 170
171 165 166
166 169 171
165 171 172
172 167 165
167 172 173
173 174 167
175 167 174
176 175 174
169 177 171
177 172 171
172 177 178
178 173 172
173 178 179
179 180 173
174 173 180
180 181 174
180 182 181
183 174 181
174 183 176
184 181 182
181 184 183
185 183 184
186 185 184
187 186 184
182 187 184
187 182 188
189 179 178
189 178 190
177 190 178
190 177 191
192 190 191
192 189 190
189 192 193
192 191 194
191 169 194
194 169 195
169 196 195
197 192 194
195 197 194
197 195 198
196 198 195
198 196 23
169 170 196
170 22 196
22 23 196
22 170 12
177 169 191
199 189 193
189 199 200
193 201 199
179 189 200
202 179 200
199 202 200
202 199 203
199 204 203
204 199 201
179 202 205
202 206 205
180 205 206
180 179 205
206 182 180
182 206 207
208 207 206
206 202 208
203 208 202
208 203 209
209 210 208
207 208 210
210 209 211
203 212 209
212 211 209
212 203 204
211 212 213
207 188 182
188 207 214
210 214 207
215 188 214
216 215 214
214 210 216
210 217 216
215 216 217
217 210 211
218 215 217
211 218 217
218 211 219
219 220 218
220 221 218
215 218 221
221 220 222
222 223 221
187 221 223
188 215 187
221 187 215
224 223 222
225 224 222
222 220 225
226 224 225
227 226 225
228 226 227
225 229 227
230 227 229
231 227 230
227 231 228
232 228 231
229 233 230
233 231 230
234 232 231
231 233 234
234 233 235
233 236 235
232 237 228
226 228 237
237 238 226
224 226 238
238 239 224
235 240 234
232 234 240
240 241 232
241 242 232
237 232 242
242 243 237
239 238 243
238 237 243
243 244 239
244 185 239
236 245 235
246 235 245
247 245 236
248 247 236
249 246 245
247 249 245
249 247 250
247 248 250
250 251 249
251 252 249
246 249 252
185 186 239
223 239 186
186 187 223
239 223 224
185 244 253
244 254 253
254 183 253
183 185 253
183 254 176
255 176 254
256 255 254
244 256 254
176 255 257
255 258 257
258 259 257
175 257 259
257 175 176
259 161 175
260 259 258
150 161 259
259 260 150
140 150 260
258 255 261
260 262 140
263 258 261
262 260 263
258 263 260
264 262 263
264 263 265
261 265 263
255 266 261
265 261 266
256 267 266
267 265 266
265 268 264
265 267 268
269 264 268
270 269 268
267 270 268
167 175 161
139 140 262
262 271 139
262 264 271
272 271 264
269 272 264
145 271 272
271 145 139
273 145 272
274 145 273
272 269 275
275 273 272
273 276 274
273 275 276
277 275 269
270 277 269
277 270 278
278 270 279
270 267 279
279 267 241
280 279 241
280 241 281
282 280 281
281 283 282
284 280 282
283 284 282
280 285 279
285 278 279
285 280 286
280 284 286
278 287 277
287 288 277
275 277 288
289 275 288
287 289 288
275 289 276
289 287 290
291 290 287
287 278 291
292 285 286
285 292 278
292 291 278
293 292 286
284 293 286
291 292 294
295 291 294
296 289 290
290 291 296
291 295 296
292 297 294
297 292 293
297 298 294
298 295 294
299 298 297
300 296 295
295 298 300
298 299 300
301 299 297
302 297 293
297 302 301
299 303 300
303 304 300
296 300 304
304 305 296
296 305 306
307 305 304
304 303 307
305 308 306
309 307 303
303 310 309
289 296 306
306 311 289
311 306 308
311 276 289
305 307 312
312 308 305
308 312 313
313 311 308
311 313 314
315 313 312
316 314 313
313 315 316
317 316 315
318 312 307
307 309 318
319 315 312
319 317 315
312 318 319
320 319 318
320 321 319
319 321 322
322 317 319
317 322 323
323 324 317
316 317 324
325 316 324
314 316 325
324 326 325
325 326 327
327 314 325
314 327 328
329 328 327
327 326 329
330 314 328
331 330 328
328 332 331
332 328 329
331 332 333
333 332 138
274 331 333
331 274 330
330 274 276
326 334 329
334 332 329
332 334 130
130 138 332
120 130 334
335 120 334
334 326 335
335 326 336
337 335 336
336 338 337
339 337 338
340 339 338
326 340 338
338 336 326
122 120 335
335 341 122
335 337 341
337 342 341
337 339 342
342 343 341
342 344 343
339 345 342
345 346 342
346 344 342
347 345 339
348 347 339
339 340 348
323 348 340
348 323 349
350 348 349
350 349 351
323 351 349
351 323 322
352 347 348
348 350 352
343 126 341
126 122 341
353 343 344
354 353 344
355 354 344
344 346 355
356 355 346
356 357 355
354 355 357
346 345 358
358 356 346
356 358 359
359 360 356
361 356 360
357 356 361
322 362 351
362 322 321
363 351 362
364 351 363
365 364 363
351 364 350
366 350 364
364 365 367
368 364 367
364 368 366
368 369 366
370 367 365
370 368 367
371 370 365
363 371 365
371 363 372
362 372 363
372 362 373
321 373 362
373 321 374
375 371 372
373 375 372
376 373 374
375 377 371
378 371 377
377 379 378
379 380 378
380 381 378
370 371 381
371 378 381
381 382 370
368 370 382
382 383 368
369 368 383
383 384 369
381 380 385
385 382 381
382 385 386
383 382 386
387 385 380
388 387 380
379 388 380
388 379 389
390 389 379
391 390 379
379 377 391
377 392 391
391 392 393
392 394 393
392 395 394
394 395 396
397 394 396
398 397 396
396 375 398
375 396 395
394 399 393
393 399 400
400 391 393
391 400 390
401 399 394
394 397 401
399 402 400
403 400 402
400 403 390
403 389 390
404 403 402
404 405 403
389 403 405
406 389 405
406 405 407
375 373 398
373 376 398
397 398 376
376 408 397
408 376 409
376 410 409
409 410 309
309 408 409
410 318 309
374 318 410
410 376 374
318 374 320
321 320 374
408 309 310
310 397 408
397 310 401
310 411 401
411 310 412
310 413 412
412 413 414
411 412 415
414 415 412
415 414 416
417 401 411
418 417 411
419 415 416
411 420 418
415 419 420
420 411 415
421 420 419
422 420 421
420 422 418
418 422 423
417 418 423
424 423 422
423 424 417
417 424 399
399 401 417
416 425 419
426 416 414
416 426 425
414 427 426
414 299 427
301 426 427
299 301 427
425 426 428
426 302 428
302 426 301
429 428 302
293 429 302
422 430 424
431 425 428
428 432 431
432 428 429
432 433 431
425 431 433
425 433 434
432 435 433
433 435 436
429 437 432
438 434 433
436 438 433
438 439 434
439 421 434
419 434 421
293 284 429
284 440 429
437 429 440
437 440 441
440 442 441
442 440 283
284 283 440
442 252 441
437 441 252
443 437 252
444 437 443
445 442 283
442 445 246
252 442 246
283 281 445
445 281 240
240 235 445
235 246 445
241 240 281
252 251 443
446 443 251
447 446 251
446 447 448
449 446 448
448 450 449
450 448 447
450 451 449
452 450 447
447 248 452
450 452 453
452 454 453
455 450 453
454 455 453
450 455 451
455 454 456
457 456 454
457 454 458
456 457 459
457 460 459
461 457 458
460 457 461
461 458 462
454 462 458
462 454 463
454 452 463
452 464 463
464 452 248
465 463 464
466 463 465
465 467 466
465 468 467
468 465 464
248 468 464
469 462 463
469 461 462
463 466 469
469 466 470
466 471 470
471 466 467
467 472 471
473 471 472
470 471 474
471 473 474
470 475 469
461 469 475
474 476 470
475 470 476
476 477 475
477 461 475
478 467 468
467 478 479
479 472 467
472 479 480
481 472 480
481 473 472
473 481 482
479 483 480
483 481 480
481 483 484
485 481 484
481 485 482
484 225 485
483 225 484
486 479 478
479 486 483
483 486 229
229 225 483
236 486 478
486 233 229
233 486 236
236 478 468
220 485 225
487 482 485
485 220 487
468 248 236
482 487 488
488 473 482
489 473 488
488 490 489
491 488 487
490 488 491
487 492 491
220 492 487
492 220 219
493 489 490
492 494 491
491 495 490
495 491 494
490 495 496
496 493 490
493 496 497
498 493 497
492 499 494
499 492 219
211 499 219
473 489 474
489 493 474
476 474 493
493 498 476
477 476 498
499 211 213
461 477 500
461 500 460
242 256 501
256 244 501
244 243 501
243 242 501
256 242 267
242 241 267
266 255 256
347 502 503
504 503 502
505 504 502
505 502 352
347 352 502
366 505 352
504 506 503
358 503 506
507 358 506
508 507 506
506 504 508
503 358 345
345 347 503
350 366 352
509 504 505
504 509 510
369 509 505
505 366 369
510 511 504
511 508 504
384 510 509
509 369 384
508 511 512
513 508 512
513 507 508
507 513 514
359 507 514
507 359 358
515 359 514
516 515 514
514 517 516
517 514 513
517 518 516
519 516 518
520 519 518
516 519 521
516 522 515
522 516 521
511 510 523
523 512 511
523 384 524
384 525 524
524 526 523
512 523 526
526 513 512
525 527 524
527 528 524
528 529 524
526 524 529
528 530 529
531 528 527
532 531 527
527 525 532
383 532 525
530 533 529
529 534 526
534 529 533
513 526 534
533 513 534
384 383 525
510 384 523
530 528 535
528 536 535
528 531 536
537 536 531
538 537 531
531 532 538
538 532 386
532 383 386
539 530 535
539 536 537
536 539 535
540 538 386
540 386 385
541 538 540
539 537 541
538 541 537
542 539 541
542 541 543
540 543 541
543 540 544
544 540 387
385 387 540
545 544 387
387 388 545
388 546 545
546 388 406
389 406 388
539 542 547
547 548 539
548 549 539
548 550 549
533 549 550
517 533 550
551 517 550
547 552 548
552 551 550
550 548 552
551 552 553
551 553 554
554 518 551
518 517 551
549 533 530
530 539 549
533 517 513
518 554 520
554 555 520
555 554 553
552 547 556
557 558 559
560 559 558
561 560 558
436 560 561
558 562 561
562 558 563
558 557 563
564 563 557
562 563 565
566 565 563
563 564 566
439 562 565
439 561 562
567 439 565
439 567 568
567 569 568
422 568 569
568 422 421
421 439 568
570 569 567
565 570 567
571 565 566
564 571 566
430 422 569
569 570 430
572 430 570
573 572 570
565 571 573
570 565 573
574 573 571
571 575 574
575 571 576
577 572 573
573 578 577
578 573 574
579 577 578
430 572 580
580 424 430
580 402 424
581 580 572
581 404 580
402 580 404
572 582 581
407 581 582
582 572 583
577 579 583
572 577 583
583 584 582
585 583 579
584 583 585
582 586 407
587 407 586
582 588 586
585 588 584
588 582 584
402 399 424
405 404 581
581 407 405
407 587 406
588 585 589
579 589 585
589 579 590
578 590 579
590 578 591
574 591 578
591 574 592
593 560 435
560 436 435
560 593 594
593 595 594
595 596 594
596 595 597
595 443 597
598 594 596
599 594 598
559 560 594
594 599 559
559 599 557
435 432 593
432 444 593
443 595 444
595 593 444
443 446 597
600 597 446
597 600 596
444 432 437
446 601 600
601 446 602
446 449 602
449 603 602
604 602 603
602 604 601
603 449 451
576 557 599
557 576 564
571 564 576
0 78 46
46 7 0
78 0 8
6 78 8
48 46 78
68 55 48
95 125 605
605 93 95
125 95 108
93 605 606
607 606 605
607 93 606
125 607 605
607 125 608
125 128 608
609 608 128
609 128 610
611 610 128
612 609 610
613 608 609
609 612 613
613 612 614
614 92 613
92 608 613
608 92 607
93 607 92
615 614 612
612 616 615
617 615 616
618 617 616
610 618 612
616 612 618
618 610 619
610 620 619
611 620 610
620 621 619
621 618 619
618 621 617
620 611 353
622 620 353
620 622 621
617 623 615
615 623 624
614 615 624
614 624 625
614 625 626
92 614 626
627 626 625
622 628 621
629 621 628
621 629 617
623 617 629
627 90 626
90 627 630
90 92 626
88 90 630
353 354 622
343 353 611
126 343 611
128 126 611
631 632 633
634 633 632
633 634 635
635 636 633
632 637 634
637 632 631
637 638 634
634 638 639
639 635 634
635 639 640
640 641 635
636 635 641
642 641 640
639 643 640
643 639 644
639 645 644
645 639 638
638 646 645
647 640 643
640 647 642
648 644 645
648 643 644
645 649 648
649 650 648
650 647 643
643 648 650
647 650 651
650 652 651
652 650 649
646 653 645
649 645 653
654 651 652
655 651 654
656 651 655
651 656 647
657 647 656
647 657 642
658 642 657
656 659 657
659 658 657
658 659 660
658 660 661
661 641 658
641 642 658
659 662 660
663 652 649
653 663 649
652 663 664
652 664 665
663 653 666
663 666 667
668 663 667
663 668 664
667 669 668
670 669 667
671 670 667
666 671 667
669 670 672
670 673 672
674 673 670
675 674 670
670 671 675
676 675 671
676 671 677
671 666 677
678 676 677
666 646 677
646 678 677
678 646 679
646 638 679
638 637 679
637 680 679
680 678 679
678 680 681
678 681 682
676 678 682
682 683 676
675 676 683
684 682 681
680 684 681
680 637 685
686 680 685
680 686 684
687 686 685
685 631 687
631 685 637
688 686 687
689 688 687
690 688 689
691 690 689
692 690 691
688 690 693
690 694 693
695 693 694
696 688 693
693 695 696
688 696 686
696 684 686
684 696 697
698 684 697
699 695 694
700 699 694
690 692 700
694 690 700
701 700 692
696 702 697
702 698 697
702 696 695
702 703 698
699 700 704
700 701 704
705 704 701
706 699 704
706 704 707
704 705 707
707 705 708
709 707 708
710 707 709
707 710 706
710 711 706
699 706 711
711 712 699
711 710 713
714 711 713
711 714 715
713 716 714
717 715 714
718 711 715
715 717 718
716 719 714
720 714 719
714 720 717
721 717 720
721 718 717
718 721 722
723 721 720
723 722 721
722 723 724
722 725 718
712 711 725
711 718 725
724 726 722
725 722 726
727 712 725
726 727 725
727 726 728
729 728 726
724 729 726
729 724 730
729 730 731
732 729 731
733 729 732
734 727 728
728 735 734
735 728 729
729 736 735
736 729 733
733 737 736
735 703 734
727 734 703
703 738 727
724 739 730
740 736 737
740 737 674
736 740 741
741 735 736
675 741 740
674 675 740
735 741 742
742 741 683
741 675 683
743 742 683
698 735 742
742 743 698
735 698 703
683 682 743
682 684 743
684 698 743
703 702 738
695 738 702
738 695 712
695 699 712
712 727 738
744 745 746
745 747 746
747 748 746
748 744 746
749 747 745
750 748 747
744 748 751
752 751 748
750 752 748
753 744 751
754 753 751
751 752 754
755 754 752
755 753 754
756 755 752
752 750 757
758 752 757
752 758 756
750 759 757
759 758 757
760 745 744
744 761 760
744 753 761
761 762 760
761 763 762
764 760 762
760 764 765
766 760 765
745 760 766
767 766 765
767 745 766
764 768 765
768 767 765
768 764 769
769 770 768
771 768 770
771 770 772
770 769 772
772 769 773
767 768 774
768 771 774
774 775 767
776 774 771
775 774 776
771 777 776
777 772 773
777 771 772
745 767 749
775 749 767
749 775 778
778 779 749
779 778 780
779 780 781
781 747 779
747 749 779
747 781 750
780 750 781
750 780 782
783 782 780
780 784 783
784 780 778
775 784 778
784 775 785
776 785 775
785 776 786
777 786 776
786 777 787
782 759 750
759 782 788
782 789 788
782 783 789
790 788 789
788 791 759
791 788 792
788 790 792
792 790 793
794 792 793
792 794 791
794 758 791
758 759 791
790 795 793
796 793 795
793 796 794
797 796 795
796 797 798
798 799 796
799 800 796
800 794 796
794 800 801
758 794 801
802 758 801
800 802 801
803 797 795
795 790 803
758 802 756
802 804 756
805 756 804
804 806 805
807 805 806
807 806 808
809 807 808
809 808 810
810 811 809
810 812 811
812 813 811
814 811 813
811 814 809
815 814 813
815 813 816
816 813 817
813 812 817
818 817 812
819 818 812
820 816 817
817 818 820
816 821 815
821 822 815
816 823 821
823 822 821
816 824 823
824 816 820
824 820 825
820 826 825
819 826 818
826 820 818
827 824 825
826 827 825
824 827 828
827 829 828
827 826 829
824 830 823
830 831 823
822 823 831
832 824 828
824 832 830
833 831 830
832 833 830
834 832 828
835 833 832
832 834 835
834 836 835
836 837 835
838 836 834
839 837 836
836 838 839
840 837 839
841 829 826
828 829 842
842 834 828
843 839 838
834 843 838
843 834 844
834 842 844
845 829 841
845 841 819
846 843 844
829 846 842
846 844 842
829 845 846
847 845 819
819 812 847
810 847 812
848 846 845
845 849 848
849 850 848
848 851 846
851 848 850
852 851 850
850 849 852
849 853 852
854 853 849
855 852 853
856 855 853
853 854 856
857 856 854
855 856 857
851 858 846
858 851 859
852 855 859
851 852 859
860 859 855
860 855 861
857 861 855
861 857 862
863 861 862
860 861 863
864 858 859
859 860 864
865 863 862
866 857 854
854 867 866
868 866 867
868 867 845
857 866 869
870 857 869
857 870 862
871 862 870
862 871 865
871 870 872
871 873 865
865 873 874
863 865 874
875 863 874
876 875 874
877 874 873
874 877 876
877 878 876
878 879 876
876 879 880
879 881 880
882 880 881
882 883 880
884 880 883
880 884 876
884 875 876
883 885 884
875 884 886
886 860 875
886 884 887
888 886 887
889 888 887
884 889 887
889 884 885
890 889 885
891 890 885
885 883 891
892 883 882
883 892 891
892 893 891
890 891 893
894 890 893
893 895 894
896 882 881
895 897 894
860 886 864
886 888 864
858 864 888
888 898 858
898 888 899
888 889 899
899 900 898
889 901 899
900 899 901
901 902 900
902 903 900
902 904 903
901 905 902
904 902 905
905 906 904
907 858 898
858 907 846
846 907 908
907 909 908
843 908 909
908 843 846
898 910 907
909 907 910
910 898 900
900 911 910
911 900 903
912 910 911
910 912 909
912 839 909
839 843 909
903 913 911
913 903 904
914 911 913
911 914 912
914 915 912
914 913 916
904 916 913
916 904 906
917 914 916
917 915 914
915 917 918
919 915 918
840 915 919
839 912 840
915 840 912
919 920 840
921 920 919
922 920 921
917 916 923
837 840 920
924 837 920
920 922 924
925 837 924
926 924 922
924 926 925
925 926 833
926 927 833
926 928 927
928 926 922
831 833 927
833 835 925
837 925 835
929 923 930
931 929 930
931 930 906
930 916 906
916 930 923
906 905 931
905 932 931
932 933 931
929 931 933
934 929 933
933 935 934
936 934 935
935 937 936
937 938 936
939 938 937
938 940 936
934 936 940
932 905 941
941 942 932
943 932 942
944 943 942
945 943 944
937 935 945
946 945 935
933 932 946
935 933 946
932 943 946
945 946 943
942 897 944
944 947 945
947 944 897
897 948 947
948 945 947
945 949 937
949 945 948
950 937 949
937 950 939
949 951 950
950 952 939
938 939 952
938 952 953
942 941 894
897 942 894
890 894 941
889 890 941
941 901 889
905 901 941
954 953 952
953 954 955
956 953 955
952 957 954
957 958 954
957 959 958
952 960 957
961 957 960
960 962 961
961 962 963
959 957 964
957 961 964
959 964 965
961 965 964
965 961 963
962 966 963
966 962 967
963 966 968
968 965 963
966 969 968
965 968 969
962 970 967
962 960 971
970 962 971
950 971 960
971 972 970
972 973 970
952 950 960
973 972 974
971 950 951
972 971 951
951 975 972
975 974 972
975 951 976
951 977 976
974 975 978
977 979 976
979 975 976
975 980 978
951 949 977
948 977 949
977 948 981
948 897 981
982 981 897
981 982 983
983 982 984
985 983 984
983 985 986
985 896 986
987 983 986
988 983 987
983 988 981
989 981 988
990 981 989
979 990 991
882 896 985
985 892 882
892 985 984
984 992 892
992 984 982
982 895 992
895 982 897
895 893 992
893 892 992
993 979 991
975 979 993
990 979 977
981 990 977
980 975 993
753 805 994
995 753 994
994 996 995
807 996 994
805 807 994
996 997 995
996 814 997
998 995 997
999 998 997
814 999 997
753 755 805
756 805 755
753 995 761
761 995 1000
995 998 1000
763 761 1000
1000 1001 763
1001 1000 998
998 1002 1001
1002 998 999
999 1003 1002
815 1003 999
999 814 815
807 809 996
814 996 809
1003 815 822
806 1004 808
1004 1005 808
1005 810 808
806 804 1004
804 802 1004
847 810 1005
1006 847 1005
1005 1004 1006
1006 1004 1007
802 1007 1004
1007 802 1008
802 800 1008
800 1009 1008
800 1010 1009
1011 1009 1010
1012 1011 1010
1010 1013 1012
1014 1012 1013
1014 1015 1012
1016 1008 1009
1011 1016 1009
1008 1016 1007
1017 1007 1016
1018 1017 1016
1016 1011 1018
1019 1018 1011
1015 1019 1012
1011 1012 1019
1020 1007 1017
1007 1020 1006
1020 1017 1021
1017 1018 1021
1022 1021 1018
1018 1019 1022
1023 1020 1021
1022 1023 1021
1013 1010 1024
1010 1025 1024
1025 1026 1024
1027 1024 1026
1024 1027 1013
1027 1028 1013
1028 1014 1013
1014 1028 1029
1029 1015 1014
1015 1029 1030
1031 1015 1030
1029 1031 1030
1027 1032 1028
1033 1027 1026
1033 1032 1027
1032 1033 1034
1026 798 1033
1015 1031 1035
1036 1035 1031
1036 1031 1037
1031 1038 1037
1039 1037 1038
1037 1040 1036
1041 1036 1040
1040 1042 1041
1043 1041 1042
1042 1044 1043
1045 1042 1040
1045 1040 1046
1037 1039 1046
1040 1037 1046
1038 1047 1039
1047 1046 1039
1046 1047 1048
1048 1045 1046
1045 1048 1049
1047 1050 1048
1047 1051 1050
1052 1048 1050
1048 1052 1049
1053 1049 1052
1049 1053 1054
1055 1049 1054
1042 1045 1055
1049 1055 1045
1056 1042 1055
1054 1056 1055
1057 1054 1053
1057 1058 1054
1059 1054 1058
1059 1056 1054
1056 1059 1060
1061 1056 1060
1060 1062 1061
1063 1061 1062
1059 1064 1060
1062 1060 1064
1065 1062 1064
1062 1065 1063
1066 1064 1059
1064 1066 1065
1058 1066 1059
1066 1058 1067
1058 1068 1067
1058 1057 1068
1061 1063 1069
1061 1069 1070
1071 1069 1063
1069 1071 1072
1073 1069 1072
1073 1070 1069
1070 1073 1074
1075 1074 1073
1076 1075 1073
1077 1074 1075
1076 1077 1075
1077 1078 1074
1074 1078 1079
1079 1070 1074
1070 1079 1044
1080 1044 1079
1081 1070 1044
1079 1078 1082
1083 1079 1082
1079 1083 1080
1083 1084 1080
1085 1080 1084
1078 1086 1082
1086 1083 1082
1083 1086 1087
1087 872 1083
1084 1083 872
872 1088 1084
1088 1085 1084
1085 1088 1089
1088 1022 1089
1086 1090 1087
1090 873 1087
1019 1089 1022
1089 1019 1035
1035 1085 1089
1085 1035 1091
1092 1085 1091
1092 1091 1036
1035 1036 1091
1019 1015 1035
1036 1041 1092
1041 1093 1092
1022 1088 1023
870 1023 1088
1088 872 870
1023 870 869
869 1094 1023
1020 1023 1094
1094 1006 1020
866 1006 1094
1094 869 866
1006 866 868
847 1006 868
845 847 868
1093 1041 1043
1080 1093 1043
1080 1085 1093
1085 1092 1093
1044 1080 1043
849 845 867
867 854 849
1044 1042 1081
1042 1056 1081
1056 1061 1081
1070 1081 1061
1095 929 1096
1097 1095 1096
929 1097 1096
929 1095 923
1095 1097 1098
1097 1099 1098
1099 1097 1100
1100 1101 1099
934 1100 1097
1097 929 934
1101 1100 1102
1103 1102 1100
1103 1104 1102
1100 940 1103
1104 1103 940
940 1100 934
1104 940 1105
1106 1105 940
1105 1106 1107
953 1107 1106
938 953 1106
940 938 1106
1107 953 956
1108 1078 1077
1109 1108 1077
1109 1077 1110
1110 1111 1109
1111 1112 1109
1108 1109 1112
1112 1113 1108
1113 1090 1108
1108 1090 1114
1078 1108 1114
1086 1078 1114
1090 1086 1114
1090 1113 877
873 1090 877
878 877 1113
1113 1115 878
1077 1076 1110
1113 1112 1116
1117 1113 1116
1115 1113 1117
1116 1118 1117
1118 1116 1119
1116 1120 1119
1120 1116 1112
1112 1111 1120
1121 1117 1118
879 878 1115
1115 1122 879
1117 1122 1115
1122 1117 1123
1117 1121 1123
1123 1121 1124
1122 881 879
881 1122 896
873 871 1087
872 1087 871
1125 1126 716
716 713 1125
1126 1125 1127
1128 1126 1127
1126 1129 716
1129 1126 1130
1131 1130 1126
1126 1128 1131
719 716 1129
1129 1132 719
1132 720 719
720 1132 723
1133 723 1132
723 1133 724
739 724 1133
1134 1135 1136
1137 1135 1134
1135 1138 1136
1135 1137 1139
1139 1140 1135
1138 1135 1140
1141 1139 1137
1139 1142 1140
1142 1143 1140
1143 1138 1140
1142 1144 1143
1145 1144 1142
1146 1136 1138
1146 1138 1147
1136 1146 1148
1138 1149 1147
1138 1143 1149
1143 1150 1149
1150 1143 1144
1149 1151 1147
1151 1149 1150
1139 1141 1152
1152 1145 1142
1142 1139 1152
1141 1153 1152
1145 1152 1153
1153 1154 1145
1154 1155 1145
1144 1145 1155
1156 1155 1154
1154 1157 1156
1154 1153 1158
1159 1158 1153
1160 1154 1158
1157 1154 1160
1161 1160 1158
1161 1158 1162
1158 1159 1162
1160 1163 1157
1164 1159 1153
1159 1164 1165
1153 1141 1164
1160 1161 1166
1167 1160 1166
1160 1167 1168
1163 1160 1168
1169 1168 1167
1170 1171 1031
1170 1172 1171
1170 1173 1172
1173 1174 1172
1038 1031 1171
1171 1175 1038
1175 1171 1172
1174 1175 1172
1175 1174 1051
1031 1029 1170
1029 1176 1170
1173 1170 1176
1176 1029 1028
1028 1177 1176
1178 1176 1177
1176 1178 1173
1177 1034 1178
1178 1179 1173
1174 1173 1179
1177 1028 1032
1034 1177 1032
1047 1038 1175
1051 1047 1175
654 665 1180
1180 1181 654
665 654 652
1181 655 654
655 1181 1182
1183 1182 1181
1182 656 655
656 1182 1184
659 656 1184
1184 1185 659
1184 1186 1185
1182 1183 1186
1186 1184 1182
662 659 1185
1181 1180 1187
1187 1183 1181
1183 1187 1188
1189 43 56
43 1189 49
1189 1190 49
1190 1191 49
1191 1190 39
40 49 1191
1191 34 40
34 1191 37
39 37 1191
1190 1189 1192
1192 1193 1190
1194 1190 1193
1190 1194 39
1194 38 39
38 1194 1195
1196 38 1195
38 1196 30
29 30 1196
197 1197 1198
192 197 1198
1198 1199 192
1197 197 198
198 26 1197
26 198 23
1199 193 192
193 1199 1200
201 193 1200
1199 1198 1201
1198 1202 1201
1202 1198 1197
1197 1203 1202
1203 1197 26
26 28 1203
1204 1205 1206
1204 1207 1205
1208 1206 1205
1209 1205 1207
1205 1209 1208
1210 1209 1207
1210 1207 1211
1207 1204 1211
1210 1212 1209
1210 1213 1212
1214 1212 1213
1215 1214 1213
1216 1212 1214
1217 1216 1214
1218 1217 1214
1215 1218 1214
1218 1215 1219
1218 1219 1220
1221 1218 1220
1222 1209 1212
1212 1216 1222
1209 1223 1208
1209 1222 1223
1224 1208 1223
1221 1225 1218
1217 1218 1225
1225 1221 1226
1227 1217 1225
1225 1228 1227
1228 1225 1226
1227 1228 1229
1227 1229 1230
1231 1227 1230
1217 1227 1232
1231 1232 1227
1232 1231 1233
1234 1232 1233
1208 1224 1235
1236 1208 1235
1206 1208 1236
1224 1237 1235
1237 1224 1238
1237 1238 1239
1240 1239 1238
1232 1234 1241
1232 1241 1242
1241 1243 1242
1243 1244 1242
1244 1243 1245
1245 1216 1244
1217 1242 1244
1216 1217 1244
1246 1245 1243
1247 1246 1243
1243 1241 1247
1247 1241 1248
1241 1249 1248
1250 1248 1249
1251 1248 1250
1252 1247 1248
1253 1248 1251
1248 1253 1252
1254 1252 1253
1216 1245 1222
1255 1222 1245
1245 1246 1255
1222 1255 1223
1255 1224 1223
1224 1255 1256
1224 1256 1238
1255 1257 1256
1257 1255 1246
1258 1257 1246
1259 1238 1256
1260 1256 1257
1256 1260 1259
1261 1260 1257
1257 1258 1261
1262 1261 1258
1258 1263 1262
1263 1264 1262
1265 1262 1264
1247 1263 1258
1246 1247 1258
1265 1266 1262
1261 1262 1266
1266 1265 1267
1268 1261 1266
1269 1266 1267
1266 1269 1268
1270 1268 1269
1264 1263 1271
1271 1263 1272
1252 1272 1263
1263 1247 1252
1272 1252 1254
1260 1261 1273
1261 1268 1273
1268 1274 1273
1274 1260 1273
1270 1275 1268
1274 1268 1275
1275 1270 1276
1275 1276 1277
1277 1278 1275
1278 1274 1275
1278 1279 1274
1260 1274 1279
1278 1277 1280
1278 1280 1281
1281 1282 1278
1279 1278 1282
1279 1282 1283
1259 1279 1283
1279 1259 1260
1284 1283 1282
1283 1284 1285
1283 1285 1286
1286 1285 1287
1286 1287 1288
1289 1283 1286
1283 1289 1259
1290 1286 1288
1286 1290 1289
1259 1289 1240
1289 1290 1291
1291 1240 1289
1240 1291 1292
1240 1292 1293
1239 1240 1293
1282 1281 1294
1294 1284 1282
1284 1294 1295
1238 1259 1240
104 135 111
121 111 135
138 145 333
145 274 333
276 311 330
314 330 311
326 324 340
324 323 340
310 303 413
303 299 413
299 414 413
377 375 395
392 377 395
248 447 250
251 250 447
434 419 425
438 436 561
561 439 438
33 17 19
80 9 106
81 80 107
107 83 81
98 85 83
124 109 113
76 89 70
71 70 89
826 819 841
1010 800 1025
800 799 1025
1026 1025 799
798 1026 799
863 875 860
646 666 653
359 515 1296
360 359 1296
641 661 636
1249 1241 1234
1242 1217 1232
