stride: 32
first vertex: 0
vertex count: 614
topology: pointlist
element[0]:
  SemanticName: POSITION
  SemanticIndex: 0
  Format: R32G32B32_FLOAT
  InputSlot: 0
  AlignedByteOffset: 0
  InputSlotClass: per-vertex
  InstanceDataStepRate: 0
element[1]:
  SemanticName: NORMAL
  SemanticIndex: 0
  Format: R32G32B32_FLOAT
  InputSlot: 0
  AlignedByteOffset: 12
  InputSlotClass: per-vertex
  InstanceDataStepRate: 0
element[2]:
  SemanticName: COLOR
  SemanticIndex: 0
  Format: R8G8B8A8_UNORM
  InputSlot: 0
  AlignedByteOffset: 0
  InputSlotClass: per-vertex
  InstanceDataStepRate: 0
element[3]:
  SemanticName: TEXCOORD
  SemanticIndex: 0
  Format: R8G8B8A8_UNORM
  InputSlot: 0
  AlignedByteOffset: 0
  InputSlotClass: per-vertex
  InstanceDataStepRate: 0
element[4]:
  SemanticName: TEXCOORD
  SemanticIndex: 1
  Format: R8G8B8A8_UNORM
  InputSlot: 0
  AlignedByteOffset: 0
  InputSlotClass: per-vertex
  InstanceDataStepRate: 0
element[5]:
  SemanticName: TEXCOORD
  SemanticIndex: 2
  Format: R8G8B8A8_UNORM
  InputSlot: 0
  AlignedByteOffset: 0
  InputSlotClass: per-vertex
  InstanceDataStepRate: 0
element[6]:
  SemanticName: TEXCOORD
  SemanticIndex: 3
  Format: R8G8B8A8_UNORM
  InputSlot: 0
  AlignedByteOffset: 0
  InputSlotClass: per-vertex
  InstanceDataStepRate: 0
element[7]:
  SemanticName: TANGENT
  SemanticIndex: 0
  Format: R32G32B32A32_FLOAT
  InputSlot: 0
  AlignedByteOffset: 24
  InputSlotClass: per-vertex
  InstanceDataStepRate: 0
element[8]:
  SemanticName: BLENDWEIGHT
  SemanticIndex: 0
  Format: R32G32B32A32_FLOAT
  InputSlot: 1
  AlignedByteOffset: 0
  InputSlotClass: per-vertex
  InstanceDataStepRate: 0
element[9]:
  SemanticName: BLENDINDICES
  SemanticIndex: 0
  Format: R32G32B32A32_SINT
  InputSlot: 1
  AlignedByteOffset: 16
  InputSlotClass: per-vertex
  InstanceDataStepRate: 0

vertex-data:

vb1[0]+000 BLENDWEIGHT: 0.584897518, 0.363795638, 0.0513067991, 0
vb1[0]+016 BLENDINDICES: 22, 24, 28, 0

vb1[1]+000 BLENDWEIGHT: 0.627956867, 0.368403316, 0.00363981375, 0
vb1[1]+016 BLENDINDICES: 22, 24, 28, 0

vb1[2]+000 BLENDWEIGHT: 0.62039417, 0.217584714, 0.162021086, 0
vb1[2]+016 BLENDINDICES: 22, 24, 28, 0

vb1[3]+000 BLENDWEIGHT: 0.518730879, 0.478406549, 0.00286263088, 0
vb1[3]+016 BLENDINDICES: 22, 24, 26, 0

vb1[4]+000 BLENDWEIGHT: 0.507935405, 0.46960339, 0.0224611815, 0
vb1[4]+016 BLENDINDICES: 22, 24, 26, 0

vb1[5]+000 BLENDWEIGHT: 0.64009881, 0.357068062, 0.00283309468, 0
vb1[5]+016 BLENDINDICES: 22, 24, 28, 0

vb1[6]+000 BLENDWEIGHT: 0.533433199, 0.457341194, 0.00922558829, 0
vb1[6]+016 BLENDINDICES: 22, 24, 26, 0

vb1[7]+000 BLENDWEIGHT: 0.486784726, 0.42900613, 0.0842091516, 0
vb1[7]+016 BLENDINDICES: 24, 22, 26, 0

vb1[8]+000 BLENDWEIGHT: 0.498203248, 0.445996463, 0.0558002964, 0
vb1[8]+016 BLENDINDICES: 24, 22, 26, 0

vb1[9]+000 BLENDWEIGHT: 0.497787952, 0.32061699, 0.181595072, 0
vb1[9]+016 BLENDINDICES: 24, 22, 26, 0

vb1[10]+000 BLENDWEIGHT: 0.766259074, 0.233740896, 0, 0
vb1[10]+016 BLENDINDICES: 22, 24, 0, 0

vb1[11]+000 BLENDWEIGHT: 0.638216197, 0.325155944, 0.0366278701, 0
vb1[11]+016 BLENDINDICES: 22, 28, 24, 0

vb1[12]+000 BLENDWEIGHT: 0.912550032, 0.0450793765, 0.0423705131, 0
vb1[12]+016 BLENDINDICES: 22, 28, 24, 0

vb1[13]+000 BLENDWEIGHT: 0.518238962, 0.316257775, 0.148530558, 0.0169726126
vb1[13]+016 BLENDINDICES: 24, 22, 26, 18

vb1[14]+000 BLENDWEIGHT: 0.477514267, 0.308710843, 0.213774905, 0
vb1[14]+016 BLENDINDICES: 24, 26, 22, 0

vb1[15]+000 BLENDWEIGHT: 0.500009239, 0.21175395, 0.191036463, 0.097200349
vb1[15]+016 BLENDINDICES: 24, 22, 26, 18

vb1[16]+000 BLENDWEIGHT: 0.473125309, 0.276302844, 0.158300698, 0.0922711492
vb1[16]+016 BLENDINDICES: 24, 26, 22, 18

vb1[17]+000 BLENDWEIGHT: 0.46567598, 0.247808531, 0.233273864, 0.0532416403
vb1[17]+016 BLENDINDICES: 24, 18, 26, 22

vb1[18]+000 BLENDWEIGHT: 0.455296367, 0.449596792, 0.057575278, 0.0375315659
vb1[18]+016 BLENDINDICES: 26, 24, 18, 20

vb1[19]+000 BLENDWEIGHT: 0.464035332, 0.448127419, 0.0878372341, 0
vb1[19]+016 BLENDINDICES: 26, 24, 22, 0

vb1[20]+000 BLENDWEIGHT: 0.541956544, 0.405059397, 0.0529840626, 0
vb1[20]+016 BLENDINDICES: 26, 24, 22, 0

vb1[21]+000 BLENDWEIGHT: 0.559997559, 0.348815829, 0.0911866203, 0
vb1[21]+016 BLENDINDICES: 26, 24, 20, 0

vb1[22]+000 BLENDWEIGHT: 0.497113764, 0.44509232, 0.0577939078, 0
vb1[22]+016 BLENDINDICES: 26, 24, 22, 0

vb1[23]+000 BLENDWEIGHT: 0.468941152, 0.326512694, 0.204546168, 0
vb1[23]+016 BLENDINDICES: 24, 22, 26, 0

vb1[24]+000 BLENDWEIGHT: 0.59502244, 0.40497756, 0, 0
vb1[24]+016 BLENDINDICES: 22, 28, 0, 0

vb1[25]+000 BLENDWEIGHT: 0.382365733, 0.369159788, 0.139353991, 0.109120488
vb1[25]+016 BLENDINDICES: 24, 26, 18, 20

vb1[26]+000 BLENDWEIGHT: 0.316487968, 0.29108566, 0.214407176, 0.178019196
vb1[26]+016 BLENDINDICES: 24, 26, 18, 20

vb1[27]+000 BLENDWEIGHT: 0.362861723, 0.239545017, 0.23234871, 0.16524455
vb1[27]+016 BLENDINDICES: 26, 20, 24, 18

vb1[28]+000 BLENDWEIGHT: 0.28349027, 0.267639518, 0.235836968, 0.213033229
vb1[28]+016 BLENDINDICES: 18, 20, 24, 26

vb1[29]+000 BLENDWEIGHT: 0.358003974, 0.282742858, 0.198084921, 0.161168218
vb1[29]+016 BLENDINDICES: 18, 24, 20, 26

vb1[30]+000 BLENDWEIGHT: 0.468892783, 0.300318927, 0.160997465, 0.0697908327
vb1[30]+016 BLENDINDICES: 26, 24, 20, 18

vb1[31]+000 BLENDWEIGHT: 0.420367628, 0.306952834, 0.165763378, 0.106916182
vb1[31]+016 BLENDINDICES: 26, 20, 24, 18

vb1[32]+000 BLENDWEIGHT: 0.318235844, 0.317789286, 0.203938544, 0.160036355
vb1[32]+016 BLENDINDICES: 20, 26, 18, 24

vb1[33]+000 BLENDWEIGHT: 0.405508161, 0.343342483, 0.150070623, 0.101078734
vb1[33]+016 BLENDINDICES: 20, 18, 26, 24

vb1[34]+000 BLENDWEIGHT: 0.353904456, 0.324574858, 0.196852237, 0.124668449
vb1[34]+016 BLENDINDICES: 24, 18, 26, 20

vb1[35]+000 BLENDWEIGHT: 0.460894674, 0.255132169, 0.215023935, 0.0689492077
vb1[35]+016 BLENDINDICES: 20, 18, 26, 24

vb1[36]+000 BLENDWEIGHT: 0.518285215, 0.327137858, 0.131658673, 0.0229182243
vb1[36]+016 BLENDINDICES: 20, 18, 26, 24

vb1[37]+000 BLENDWEIGHT: 0.489572257, 0.411386818, 0.0850836039, 0.0139573244
vb1[37]+016 BLENDINDICES: 20, 18, 26, 24

vb1[38]+000 BLENDWEIGHT: 0.505319059, 0.357137322, 0.0742969587, 0.0632466376
vb1[38]+016 BLENDINDICES: 18, 20, 24, 26

vb1[39]+000 BLENDWEIGHT: 0.48125416, 0.460731417, 0.0333952792, 0.0246190671
vb1[39]+016 BLENDINDICES: 18, 20, 26, 24

vb1[40]+000 BLENDWEIGHT: 0.517051816, 0.261384577, 0.221563607, 0
vb1[40]+016 BLENDINDICES: 20, 18, 26, 0

vb1[41]+000 BLENDWEIGHT: 0.492809296, 0.295790583, 0.172269762, 0.0391303636
vb1[41]+016 BLENDINDICES: 20, 26, 18, 24

vb1[42]+000 BLENDWEIGHT: 0.545680285, 0.400839388, 0.0304094888, 0.0230708551
vb1[42]+016 BLENDINDICES: 18, 20, 24, 26

vb1[43]+000 BLENDWEIGHT: 0.534726202, 0.433282822, 0.0257090665, 0.00628190767
vb1[43]+016 BLENDINDICES: 18, 20, 16, 24

vb1[44]+000 BLENDWEIGHT: 0.625372291, 0.266726851, 0.0976553187, 0.0102456063
vb1[44]+016 BLENDINDICES: 18, 20, 16, 24

vb1[45]+000 BLENDWEIGHT: 0.563671887, 0.362736642, 0.0735915527, 0
vb1[45]+016 BLENDINDICES: 18, 20, 16, 0

vb1[46]+000 BLENDWEIGHT: 0.588485539, 0.275088727, 0.136425734, 0
vb1[46]+016 BLENDINDICES: 18, 20, 16, 0

vb1[47]+000 BLENDWEIGHT: 0.62797606, 0.25342682, 0.11859715, 0
vb1[47]+016 BLENDINDICES: 18, 16, 20, 0

vb1[48]+000 BLENDWEIGHT: 0.655027747, 0.222695097, 0.114987969, 0.00728919683
vb1[48]+016 BLENDINDICES: 18, 16, 20, 24

vb1[49]+000 BLENDWEIGHT: 0.570215464, 0.385257006, 0.044527512, 0
vb1[49]+016 BLENDINDICES: 18, 16, 20, 0

vb1[50]+000 BLENDWEIGHT: 0.604752541, 0.350120932, 0.0381651856, 0.00696133822
vb1[50]+016 BLENDINDICES: 18, 16, 20, 24

vb1[51]+000 BLENDWEIGHT: 0.526142716, 0.471986234, 0.00187107653, 0
vb1[51]+016 BLENDINDICES: 18, 16, 20, 0

vb1[52]+000 BLENDWEIGHT: 0.581042171, 0.297238618, 0.121719234, 0
vb1[52]+016 BLENDINDICES: 18, 16, 20, 0

vb1[53]+000 BLENDWEIGHT: 0.537020743, 0.418690026, 0.0442892388, 0
vb1[53]+016 BLENDINDICES: 18, 16, 20, 0

vb1[54]+000 BLENDWEIGHT: 0.481244296, 0.478233039, 0.040522676, 0
vb1[54]+016 BLENDINDICES: 16, 18, 12, 0

vb1[55]+000 BLENDWEIGHT: 0.512304008, 0.487696022, 0, 0
vb1[55]+016 BLENDINDICES: 16, 18, 0, 0

vb1[56]+000 BLENDWEIGHT: 0.655288637, 0.179567069, 0.102044925, 0.0630993694
vb1[56]+016 BLENDINDICES: 18, 16, 20, 24

vb1[57]+000 BLENDWEIGHT: 0.571344376, 0.283733726, 0.144921929, 0
vb1[57]+016 BLENDINDICES: 16, 18, 12, 0

vb1[58]+000 BLENDWEIGHT: 0.578460217, 0.395225018, 0.0263147, 0
vb1[58]+016 BLENDINDICES: 16, 18, 12, 0

vb1[59]+000 BLENDWEIGHT: 0.709586918, 0.190242708, 0.100170404, 0
vb1[59]+016 BLENDINDICES: 16, 18, 12, 0

vb1[60]+000 BLENDWEIGHT: 0.534399152, 0.465600818, 0, 0
vb1[60]+016 BLENDINDICES: 16, 12, 0, 0

vb1[61]+000 BLENDWEIGHT: 0.750373363, 0.201390371, 0.0482362583, 0
vb1[61]+016 BLENDINDICES: 16, 12, 18, 0

vb1[62]+000 BLENDWEIGHT: 0.576705933, 0.423294067, 0, 0
vb1[62]+016 BLENDINDICES: 16, 12, 0, 0

vb1[63]+000 BLENDWEIGHT: 0.619712234, 0.251283675, 0.0710059106, 0.0579981878
vb1[63]+016 BLENDINDICES: 18, 20, 24, 16

vb1[64]+000 BLENDWEIGHT: 0.629351854, 0.167714134, 0.106890664, 0.0960433632
vb1[64]+016 BLENDINDICES: 18, 20, 24, 16

vb1[65]+000 BLENDWEIGHT: 0.568466961, 0.21545434, 0.182800815, 0.0332779028
vb1[65]+016 BLENDINDICES: 18, 20, 24, 26

vb1[66]+000 BLENDWEIGHT: 0.408431232, 0.335248411, 0.140120149, 0.116200216
vb1[66]+016 BLENDINDICES: 18, 20, 24, 26

vb1[67]+000 BLENDWEIGHT: 0.47346437, 0.227977112, 0.216086239, 0.0824723467
vb1[67]+016 BLENDINDICES: 18, 20, 24, 26

vb1[68]+000 BLENDWEIGHT: 0.471652925, 0.352354825, 0.175992325, 0
vb1[68]+016 BLENDINDICES: 24, 26, 22, 0

vb1[69]+000 BLENDWEIGHT: 0.49168396, 0.324791729, 0.183524325, 0
vb1[69]+016 BLENDINDICES: 24, 26, 22, 0

vb1[70]+000 BLENDWEIGHT: 0.467795759, 0.282569736, 0.249634475, 0
vb1[70]+016 BLENDINDICES: 24, 26, 22, 0

vb1[71]+000 BLENDWEIGHT: 0.463401884, 0.326055616, 0.210542485, 0
vb1[71]+016 BLENDINDICES: 24, 22, 26, 0

vb1[72]+000 BLENDWEIGHT: 0.459638864, 0.434381694, 0.10597945, 0
vb1[72]+016 BLENDINDICES: 24, 22, 26, 0

vb1[73]+000 BLENDWEIGHT: 0.453696042, 0.430830449, 0.115473494, 0
vb1[73]+016 BLENDINDICES: 24, 26, 22, 0

vb1[74]+000 BLENDWEIGHT: 0.53393203, 0.291903555, 0.174164489, 0
vb1[74]+016 BLENDINDICES: 26, 20, 24, 0

vb1[75]+000 BLENDWEIGHT: 0.490423828, 0.354987055, 0.100323431, 0.0542656891
vb1[75]+016 BLENDINDICES: 26, 20, 24, 18

vb1[76]+000 BLENDWEIGHT: 0.57920891, 0.257380307, 0.163410828, 0
vb1[76]+016 BLENDINDICES: 26, 24, 20, 0

vb1[77]+000 BLENDWEIGHT: 0.403886735, 0.341988444, 0.128350839, 0.125773981
vb1[77]+016 BLENDINDICES: 20, 26, 18, 24

vb1[78]+000 BLENDWEIGHT: 0.457315773, 0.393908709, 0.090695098, 0.0580804199
vb1[78]+016 BLENDINDICES: 20, 26, 18, 24

vb1[79]+000 BLENDWEIGHT: 0.5, 0.5, 0, 0
vb1[79]+016 BLENDINDICES: 10, 9, 0, 0

vb1[80]+000 BLENDWEIGHT: 0.538062692, 0.31464991, 0.147287428, 0
vb1[80]+016 BLENDINDICES: 10, 9, 8, 0

vb1[81]+000 BLENDWEIGHT: 0.586964965, 0.376693994, 0.0363410488, 0
vb1[81]+016 BLENDINDICES: 10, 9, 8, 0

vb1[82]+000 BLENDWEIGHT: 0.686152518, 0.260742307, 0.0531051494, 0
vb1[82]+016 BLENDINDICES: 10, 9, 8, 0

vb1[83]+000 BLENDWEIGHT: 0.5, 0.5, 0, 0
vb1[83]+016 BLENDINDICES: 10, 9, 0, 0

vb1[84]+000 BLENDWEIGHT: 0.772604048, 0.122291468, 0.105104536, 0
vb1[84]+016 BLENDINDICES: 10, 9, 8, 0

vb1[85]+000 BLENDWEIGHT: 0.558296382, 0.277880639, 0.163822964, 0
vb1[85]+016 BLENDINDICES: 10, 8, 9, 0

vb1[86]+000 BLENDWEIGHT: 0.740244627, 0.208452776, 0.0513026156, 0
vb1[86]+016 BLENDINDICES: 10, 8, 9, 0

vb1[87]+000 BLENDWEIGHT: 0.578005373, 0.371683538, 0.0503110997, 0
vb1[87]+016 BLENDINDICES: 10, 8, 9, 0

vb1[88]+000 BLENDWEIGHT: 0.601006448, 0.185049087, 0.171921283, 0.042023126
vb1[88]+016 BLENDINDICES: 10, 8, 14, 12

vb1[89]+000 BLENDWEIGHT: 0.490818828, 0.372645229, 0.136535972, 0
vb1[89]+016 BLENDINDICES: 10, 8, 14, 0

vb1[90]+000 BLENDWEIGHT: 0.329821557, 0.327762008, 0.222013116, 0.120403297
vb1[90]+016 BLENDINDICES: 10, 12, 14, 8

vb1[91]+000 BLENDWEIGHT: 0.3240484, 0.255660504, 0.244103789, 0.176187292
vb1[91]+016 BLENDINDICES: 12, 8, 10, 14

vb1[92]+000 BLENDWEIGHT: 0.508352935, 0.317931622, 0.133070692, 0.0406447537
vb1[92]+016 BLENDINDICES: 12, 14, 10, 8

vb1[93]+000 BLENDWEIGHT: 0.581498742, 0.207562506, 0.142948031, 0.0679907501
vb1[93]+016 BLENDINDICES: 12, 14, 8, 10

vb1[94]+000 BLENDWEIGHT: 0.63677752, 0.349225283, 0.0073519107, 0.00664527901
vb1[94]+016 BLENDINDICES: 12, 14, 10, 8

vb1[95]+000 BLENDWEIGHT: 0.68900162, 0.230847299, 0.0489630774, 0.0311879851
vb1[95]+016 BLENDINDICES: 12, 14, 8, 10

vb1[96]+000 BLENDWEIGHT: 0.731254697, 0.264035285, 0.00277186767, 0.00193817448
vb1[96]+016 BLENDINDICES: 12, 14, 8, 10

vb1[97]+000 BLENDWEIGHT: 0.797871888, 0.166626438, 0.0355016775, 0
vb1[97]+016 BLENDINDICES: 12, 14, 8, 0

vb1[98]+000 BLENDWEIGHT: 0.751895666, 0.149599373, 0.0985049382, 0
vb1[98]+016 BLENDINDICES: 12, 14, 16, 0

vb1[99]+000 BLENDWEIGHT: 0.798999369, 0.100914419, 0.0849212036, 0.0151649257
vb1[99]+016 BLENDINDICES: 12, 14, 16, 8

vb1[100]+000 BLENDWEIGHT: 0.674014568, 0.238675758, 0.0873096809, 0
vb1[100]+016 BLENDINDICES: 12, 16, 14, 0

vb1[101]+000 BLENDWEIGHT: 0.679840803, 0.260126144, 0.0600331128, 0
vb1[101]+016 BLENDINDICES: 12, 16, 14, 0

vb1[102]+000 BLENDWEIGHT: 0.534399152, 0.465600818, 0, 0
vb1[102]+016 BLENDINDICES: 16, 12, 0, 0

vb1[103]+000 BLENDWEIGHT: 0.67334044, 0.32665953, 0, 0
vb1[103]+016 BLENDINDICES: 12, 16, 0, 0

vb1[104]+000 BLENDWEIGHT: 0.576705933, 0.423294067, 0, 0
vb1[104]+016 BLENDINDICES: 16, 12, 0, 0

vb1[105]+000 BLENDWEIGHT: 0.581627488, 0.212358832, 0.20601365, 0
vb1[105]+016 BLENDINDICES: 18, 20, 16, 0

vb1[106]+000 BLENDWEIGHT: 0.584897578, 0.363795668, 0.0513067842, 0
vb1[106]+016 BLENDINDICES: 21, 23, 27, 0

vb1[107]+000 BLENDWEIGHT: 0.62039417, 0.217584714, 0.162021086, 0
vb1[107]+016 BLENDINDICES: 21, 23, 27, 0

vb1[108]+000 BLENDWEIGHT: 0.627956867, 0.368403316, 0.00363981375, 0
vb1[108]+016 BLENDINDICES: 21, 23, 27, 0

vb1[109]+000 BLENDWEIGHT: 0.518730879, 0.478406549, 0.00286263088, 0
vb1[109]+016 BLENDINDICES: 21, 23, 25, 0

vb1[110]+000 BLENDWEIGHT: 0.507935405, 0.46960339, 0.0224611815, 0
vb1[110]+016 BLENDINDICES: 21, 23, 25, 0

vb1[111]+000 BLENDWEIGHT: 0.64009881, 0.357068062, 0.00283309468, 0
vb1[111]+016 BLENDINDICES: 21, 23, 27, 0

vb1[112]+000 BLENDWEIGHT: 0.533433199, 0.457341194, 0.00922558829, 0
vb1[112]+016 BLENDINDICES: 21, 23, 25, 0

vb1[113]+000 BLENDWEIGHT: 0.486784726, 0.42900613, 0.0842091516, 0
vb1[113]+016 BLENDINDICES: 23, 21, 25, 0

vb1[114]+000 BLENDWEIGHT: 0.498203248, 0.445996463, 0.0558002964, 0
vb1[114]+016 BLENDINDICES: 23, 21, 25, 0

vb1[115]+000 BLENDWEIGHT: 0.497787952, 0.32061699, 0.181595072, 0
vb1[115]+016 BLENDINDICES: 23, 21, 25, 0

vb1[116]+000 BLENDWEIGHT: 0.766259074, 0.233740896, 0, 0
vb1[116]+016 BLENDINDICES: 21, 23, 0, 0

vb1[117]+000 BLENDWEIGHT: 0.642717242, 0.327449143, 0.029833626, 0
vb1[117]+016 BLENDINDICES: 21, 27, 23, 0

vb1[118]+000 BLENDWEIGHT: 0.912550032, 0.0450793765, 0.0423705131, 0
vb1[118]+016 BLENDINDICES: 21, 27, 23, 0

vb1[119]+000 BLENDWEIGHT: 0.518238962, 0.316257775, 0.148530558, 0.0169726126
vb1[119]+016 BLENDINDICES: 23, 21, 25, 17

vb1[120]+000 BLENDWEIGHT: 0.477514267, 0.308710843, 0.213774905, 0
vb1[120]+016 BLENDINDICES: 23, 25, 21, 0

vb1[121]+000 BLENDWEIGHT: 0.500009239, 0.21175395, 0.191036463, 0.097200349
vb1[121]+016 BLENDINDICES: 23, 21, 25, 17

vb1[122]+000 BLENDWEIGHT: 0.473125309, 0.276302844, 0.158300698, 0.0922711492
vb1[122]+016 BLENDINDICES: 23, 25, 21, 17

vb1[123]+000 BLENDWEIGHT: 0.46567598, 0.247808531, 0.233273864, 0.0532416403
vb1[123]+016 BLENDINDICES: 23, 17, 25, 21

vb1[124]+000 BLENDWEIGHT: 0.455296367, 0.449596792, 0.057575278, 0.0375315659
vb1[124]+016 BLENDINDICES: 25, 23, 17, 19

vb1[125]+000 BLENDWEIGHT: 0.464035332, 0.448127419, 0.0878372341, 0
vb1[125]+016 BLENDINDICES: 25, 23, 21, 0

vb1[126]+000 BLENDWEIGHT: 0.541956544, 0.405059397, 0.0529840626, 0
vb1[126]+016 BLENDINDICES: 25, 23, 21, 0

vb1[127]+000 BLENDWEIGHT: 0.559997559, 0.348815829, 0.0911866203, 0
vb1[127]+016 BLENDINDICES: 25, 23, 19, 0

vb1[128]+000 BLENDWEIGHT: 0.497113764, 0.44509232, 0.0577939078, 0
vb1[128]+016 BLENDINDICES: 25, 23, 21, 0

vb1[129]+000 BLENDWEIGHT: 0.468941152, 0.326512694, 0.204546168, 0
vb1[129]+016 BLENDINDICES: 23, 21, 25, 0

vb1[130]+000 BLENDWEIGHT: 0.382365733, 0.369159788, 0.139353991, 0.109120488
vb1[130]+016 BLENDINDICES: 23, 25, 17, 19

vb1[131]+000 BLENDWEIGHT: 0.316487968, 0.29108566, 0.214407176, 0.178019196
vb1[131]+016 BLENDINDICES: 23, 25, 17, 19

vb1[132]+000 BLENDWEIGHT: 0.362861723, 0.239545017, 0.23234871, 0.16524455
vb1[132]+016 BLENDINDICES: 25, 19, 23, 17

vb1[133]+000 BLENDWEIGHT: 0.28349027, 0.267639518, 0.235836968, 0.213033229
vb1[133]+016 BLENDINDICES: 17, 19, 23, 25

vb1[134]+000 BLENDWEIGHT: 0.358003974, 0.282742858, 0.198084921, 0.161168218
vb1[134]+016 BLENDINDICES: 17, 23, 19, 25

vb1[135]+000 BLENDWEIGHT: 0.468892783, 0.300318927, 0.160997465, 0.0697908327
vb1[135]+016 BLENDINDICES: 25, 23, 19, 17

vb1[136]+000 BLENDWEIGHT: 0.420367628, 0.306952834, 0.165763378, 0.106916182
vb1[136]+016 BLENDINDICES: 25, 19, 23, 17

vb1[137]+000 BLENDWEIGHT: 0.318235844, 0.317789286, 0.203938544, 0.160036355
vb1[137]+016 BLENDINDICES: 19, 25, 17, 23

vb1[138]+000 BLENDWEIGHT: 0.405508161, 0.343342483, 0.150070623, 0.101078734
vb1[138]+016 BLENDINDICES: 19, 17, 25, 23

vb1[139]+000 BLENDWEIGHT: 0.353904456, 0.324574858, 0.196852237, 0.124668449
vb1[139]+016 BLENDINDICES: 23, 17, 25, 19

vb1[140]+000 BLENDWEIGHT: 0.460894674, 0.255132169, 0.215023935, 0.0689492077
vb1[140]+016 BLENDINDICES: 19, 17, 25, 23

vb1[141]+000 BLENDWEIGHT: 0.518285215, 0.327137858, 0.131658673, 0.0229182243
vb1[141]+016 BLENDINDICES: 19, 17, 25, 23

vb1[142]+000 BLENDWEIGHT: 0.489572257, 0.411386818, 0.0850836039, 0.0139573244
vb1[142]+016 BLENDINDICES: 19, 17, 25, 23

vb1[143]+000 BLENDWEIGHT: 0.505319059, 0.357137322, 0.0742969587, 0.0632466376
vb1[143]+016 BLENDINDICES: 17, 19, 23, 25

vb1[144]+000 BLENDWEIGHT: 0.48125416, 0.460731417, 0.0333952792, 0.0246190671
vb1[144]+016 BLENDINDICES: 17, 19, 25, 23

vb1[145]+000 BLENDWEIGHT: 0.517051816, 0.261384577, 0.221563607, 0
vb1[145]+016 BLENDINDICES: 19, 17, 25, 0

vb1[146]+000 BLENDWEIGHT: 0.492809296, 0.295790583, 0.172269762, 0.0391303636
vb1[146]+016 BLENDINDICES: 19, 25, 17, 23

vb1[147]+000 BLENDWEIGHT: 0.545680285, 0.400839388, 0.0304094888, 0.0230708551
vb1[147]+016 BLENDINDICES: 17, 19, 23, 25

vb1[148]+000 BLENDWEIGHT: 0.534726202, 0.433282822, 0.0257090665, 0.00628190767
vb1[148]+016 BLENDINDICES: 17, 19, 15, 23

vb1[149]+000 BLENDWEIGHT: 0.625372291, 0.266726851, 0.0976553187, 0.0102456063
vb1[149]+016 BLENDINDICES: 17, 19, 15, 23

vb1[150]+000 BLENDWEIGHT: 0.563671887, 0.362736642, 0.0735915527, 0
vb1[150]+016 BLENDINDICES: 17, 19, 15, 0

vb1[151]+000 BLENDWEIGHT: 0.588485539, 0.275088727, 0.136425734, 0
vb1[151]+016 BLENDINDICES: 17, 19, 15, 0

vb1[152]+000 BLENDWEIGHT: 0.62797606, 0.25342682, 0.11859715, 0
vb1[152]+016 BLENDINDICES: 17, 15, 19, 0

vb1[153]+000 BLENDWEIGHT: 0.655027747, 0.222695097, 0.114987969, 0.00728919683
vb1[153]+016 BLENDINDICES: 17, 15, 19, 23

vb1[154]+000 BLENDWEIGHT: 0.570215464, 0.385257006, 0.044527512, 0
vb1[154]+016 BLENDINDICES: 17, 15, 19, 0

vb1[155]+000 BLENDWEIGHT: 0.604752541, 0.350120932, 0.0381651856, 0.00696133822
vb1[155]+016 BLENDINDICES: 17, 15, 19, 23

vb1[156]+000 BLENDWEIGHT: 0.526142716, 0.471986234, 0.00187107653, 0
vb1[156]+016 BLENDINDICES: 17, 15, 19, 0

vb1[157]+000 BLENDWEIGHT: 0.581042171, 0.297238618, 0.121719234, 0
vb1[157]+016 BLENDINDICES: 17, 15, 19, 0

vb1[158]+000 BLENDWEIGHT: 0.537020743, 0.418690026, 0.0442892388, 0
vb1[158]+016 BLENDINDICES: 17, 15, 19, 0

vb1[159]+000 BLENDWEIGHT: 0.481244296, 0.478233039, 0.040522676, 0
vb1[159]+016 BLENDINDICES: 15, 17, 11, 0

vb1[160]+000 BLENDWEIGHT: 0.512304008, 0.487696022, 0, 0
vb1[160]+016 BLENDINDICES: 15, 17, 0, 0

vb1[161]+000 BLENDWEIGHT: 0.655288637, 0.179567069, 0.102044925, 0.0630993694
vb1[161]+016 BLENDINDICES: 17, 15, 19, 23

vb1[162]+000 BLENDWEIGHT: 0.571344376, 0.283733726, 0.144921929, 0
vb1[162]+016 BLENDINDICES: 15, 17, 11, 0

vb1[163]+000 BLENDWEIGHT: 0.578460217, 0.395225018, 0.0263147, 0
vb1[163]+016 BLENDINDICES: 15, 17, 11, 0

vb1[164]+000 BLENDWEIGHT: 0.709586918, 0.190242708, 0.100170404, 0
vb1[164]+016 BLENDINDICES: 15, 17, 11, 0

vb1[165]+000 BLENDWEIGHT: 0.534399152, 0.465600818, 0, 0
vb1[165]+016 BLENDINDICES: 15, 11, 0, 0

vb1[166]+000 BLENDWEIGHT: 0.750373363, 0.201390371, 0.0482362583, 0
vb1[166]+016 BLENDINDICES: 15, 11, 17, 0

vb1[167]+000 BLENDWEIGHT: 0.576705933, 0.423294067, 0, 0
vb1[167]+016 BLENDINDICES: 15, 11, 0, 0

vb1[168]+000 BLENDWEIGHT: 0.619712234, 0.251283675, 0.0710059106, 0.0579981878
vb1[168]+016 BLENDINDICES: 17, 19, 23, 15

vb1[169]+000 BLENDWEIGHT: 0.629351854, 0.167714134, 0.106890664, 0.0960433632
vb1[169]+016 BLENDINDICES: 17, 19, 23, 15

vb1[170]+000 BLENDWEIGHT: 0.568466961, 0.21545434, 0.182800815, 0.0332779028
vb1[170]+016 BLENDINDICES: 17, 19, 23, 25

vb1[171]+000 BLENDWEIGHT: 0.408431232, 0.335248411, 0.140120149, 0.116200216
vb1[171]+016 BLENDINDICES: 17, 19, 23, 25

vb1[172]+000 BLENDWEIGHT: 0.47346437, 0.227977112, 0.216086239, 0.0824723467
vb1[172]+016 BLENDINDICES: 17, 19, 23, 25

vb1[173]+000 BLENDWEIGHT: 0.49168396, 0.324791729, 0.183524325, 0
vb1[173]+016 BLENDINDICES: 23, 25, 21, 0

vb1[174]+000 BLENDWEIGHT: 0.471652925, 0.352354825, 0.175992325, 0
vb1[174]+016 BLENDINDICES: 23, 25, 21, 0

vb1[175]+000 BLENDWEIGHT: 0.467795759, 0.282569736, 0.249634475, 0
vb1[175]+016 BLENDINDICES: 23, 25, 21, 0

vb1[176]+000 BLENDWEIGHT: 0.463401884, 0.326055616, 0.210542485, 0
vb1[176]+016 BLENDINDICES: 23, 21, 25, 0

vb1[177]+000 BLENDWEIGHT: 0.459638864, 0.434381694, 0.10597945, 0
vb1[177]+016 BLENDINDICES: 23, 21, 25, 0

vb1[178]+000 BLENDWEIGHT: 0.453696042, 0.430830449, 0.115473494, 0
vb1[178]+016 BLENDINDICES: 23, 25, 21, 0

vb1[179]+000 BLENDWEIGHT: 0.490423828, 0.354987055, 0.100323431, 0.0542656891
vb1[179]+016 BLENDINDICES: 25, 19, 23, 17

vb1[180]+000 BLENDWEIGHT: 0.53393203, 0.291903555, 0.174164489, 0
vb1[180]+016 BLENDINDICES: 25, 19, 23, 0

vb1[181]+000 BLENDWEIGHT: 0.57920891, 0.257380307, 0.163410828, 0
vb1[181]+016 BLENDINDICES: 25, 23, 19, 0

vb1[182]+000 BLENDWEIGHT: 0.403886735, 0.341988444, 0.128350839, 0.125773981
vb1[182]+016 BLENDINDICES: 19, 25, 17, 23

vb1[183]+000 BLENDWEIGHT: 0.457315773, 0.393908709, 0.090695098, 0.0580804199
vb1[183]+016 BLENDINDICES: 19, 25, 17, 23

vb1[184]+000 BLENDWEIGHT: 0.586964965, 0.376693994, 0.0363410488, 0
vb1[184]+016 BLENDINDICES: 9, 10, 8, 0

vb1[185]+000 BLENDWEIGHT: 0.538062692, 0.31464991, 0.147287428, 0
vb1[185]+016 BLENDINDICES: 9, 10, 8, 0

vb1[186]+000 BLENDWEIGHT: 0.686152518, 0.260742307, 0.0531051494, 0
vb1[186]+016 BLENDINDICES: 9, 10, 8, 0

vb1[187]+000 BLENDWEIGHT: 0.772604108, 0.122291476, 0.105104543, 0
vb1[187]+016 BLENDINDICES: 9, 10, 8, 0

vb1[188]+000 BLENDWEIGHT: 0.558296442, 0.277880669, 0.163822979, 0
vb1[188]+016 BLENDINDICES: 9, 8, 10, 0

vb1[189]+000 BLENDWEIGHT: 0.740244627, 0.208452776, 0.0513026156, 0
vb1[189]+016 BLENDINDICES: 9, 8, 10, 0

vb1[190]+000 BLENDWEIGHT: 0.578005373, 0.371683538, 0.0503110997, 0
vb1[190]+016 BLENDINDICES: 9, 8, 10, 0

vb1[191]+000 BLENDWEIGHT: 0.601006448, 0.185049087, 0.171921283, 0.042023126
vb1[191]+016 BLENDINDICES: 9, 8, 13, 11

vb1[192]+000 BLENDWEIGHT: 0.490818828, 0.372645229, 0.136535972, 0
vb1[192]+016 BLENDINDICES: 9, 8, 13, 0

vb1[193]+000 BLENDWEIGHT: 0.329821557, 0.327762008, 0.222013116, 0.120403297
vb1[193]+016 BLENDINDICES: 9, 11, 13, 8

vb1[194]+000 BLENDWEIGHT: 0.3240484, 0.255660504, 0.244103789, 0.176187292
vb1[194]+016 BLENDINDICES: 11, 8, 9, 13

vb1[195]+000 BLENDWEIGHT: 0.508352935, 0.317931622, 0.133070692, 0.0406447537
vb1[195]+016 BLENDINDICES: 11, 13, 9, 8

vb1[196]+000 BLENDWEIGHT: 0.581498742, 0.207562506, 0.142948031, 0.0679907501
vb1[196]+016 BLENDINDICES: 11, 13, 8, 9

vb1[197]+000 BLENDWEIGHT: 0.63677752, 0.349225283, 0.0073519107, 0.00664527901
vb1[197]+016 BLENDINDICES: 11, 13, 9, 8

vb1[198]+000 BLENDWEIGHT: 0.68900162, 0.230847299, 0.0489630774, 0.0311879851
vb1[198]+016 BLENDINDICES: 11, 13, 8, 9

vb1[199]+000 BLENDWEIGHT: 0.731254697, 0.264035285, 0.00277186767, 0.00193817448
vb1[199]+016 BLENDINDICES: 11, 13, 8, 9

vb1[200]+000 BLENDWEIGHT: 0.78691572, 0.164338365, 0.0350141749, 0.0137317562
vb1[200]+016 BLENDINDICES: 11, 13, 8, 9

vb1[201]+000 BLENDWEIGHT: 0.751895666, 0.149599373, 0.0985049382, 0
vb1[201]+016 BLENDINDICES: 11, 13, 15, 0

vb1[202]+000 BLENDWEIGHT: 0.798999369, 0.100914419, 0.0849212036, 0.0151649257
vb1[202]+016 BLENDINDICES: 11, 13, 15, 8

vb1[203]+000 BLENDWEIGHT: 0.674014568, 0.238675758, 0.0873096809, 0
vb1[203]+016 BLENDINDICES: 11, 15, 13, 0

vb1[204]+000 BLENDWEIGHT: 0.679840803, 0.260126144, 0.0600331128, 0
vb1[204]+016 BLENDINDICES: 11, 15, 13, 0

vb1[205]+000 BLENDWEIGHT: 0.534399152, 0.465600818, 0, 0
vb1[205]+016 BLENDINDICES: 15, 11, 0, 0

vb1[206]+000 BLENDWEIGHT: 0.67334044, 0.32665953, 0, 0
vb1[206]+016 BLENDINDICES: 11, 15, 0, 0

vb1[207]+000 BLENDWEIGHT: 0.576705933, 0.423294067, 0, 0
vb1[207]+016 BLENDINDICES: 15, 11, 0, 0

vb1[208]+000 BLENDWEIGHT: 0.581627488, 0.212358832, 0.20601365, 0
vb1[208]+016 BLENDINDICES: 17, 19, 15, 0

vb1[209]+000 BLENDWEIGHT: 0.59502244, 0.40497756, 0, 0
vb1[209]+016 BLENDINDICES: 21, 27, 0, 0

vb1[210]+000 BLENDWEIGHT: 0.902465045, 0.0975349694, 0, 0
vb1[210]+016 BLENDINDICES: 21, 27, 0, 0

vb1[211]+000 BLENDWEIGHT: 0.774793029, 0.147745475, 0.0569323078, 0.0205291603
vb1[211]+016 BLENDINDICES: 29, 31, 30, 32

vb1[212]+000 BLENDWEIGHT: 0.649733126, 0.219629332, 0.0856584236, 0.0449790917
vb1[212]+016 BLENDINDICES: 29, 31, 30, 32

vb1[213]+000 BLENDWEIGHT: 0.675871372, 0.264249265, 0.0389969721, 0.0208824072
vb1[213]+016 BLENDINDICES: 29, 31, 30, 32

vb1[214]+000 BLENDWEIGHT: 0.705295324, 0.147745475, 0.106263943, 0.040695224
vb1[214]+016 BLENDINDICES: 29, 31, 30, 32

vb1[215]+000 BLENDWEIGHT: 0.746521115, 0.161045194, 0.0872475281, 0.00518613541
vb1[215]+016 BLENDINDICES: 29, 30, 31, 32

vb1[216]+000 BLENDWEIGHT: 0.803390563, 0.110003434, 0.0809894875, 0.0056165196
vb1[216]+016 BLENDINDICES: 29, 31, 30, 32

vb1[217]+000 BLENDWEIGHT: 0.830804884, 0.151172057, 0.00968557131, 0.00833751075
vb1[217]+016 BLENDINDICES: 29, 30, 31, 32

vb1[218]+000 BLENDWEIGHT: 0.936198473, 0.0512617417, 0.00968557037, 0.00285424222
vb1[218]+016 BLENDINDICES: 29, 30, 31, 32

vb1[219]+000 BLENDWEIGHT: 0.768970847, 0.105500884, 0.100000009, 0.0255282875
vb1[219]+016 BLENDINDICES: 29, 0, 30, 1

vb1[220]+000 BLENDWEIGHT: 0.854412019, 0.117223211, 0.0283647627, 0
vb1[220]+016 BLENDINDICES: 29, 0, 1, 0

vb1[221]+000 BLENDWEIGHT: 0.847318828, 0.152681172, 0, 0
vb1[221]+016 BLENDINDICES: 29, 0, 0, 0

vb1[222]+000 BLENDWEIGHT: 0.545956492, 0.344409108, 0.0628322586, 0.0468021259
vb1[222]+016 BLENDINDICES: 29, 31, 30, 32

vb1[223]+000 BLENDWEIGHT: 0.617017984, 0.341339678, 0.022663001, 0.018979378
vb1[223]+016 BLENDINDICES: 29, 31, 30, 32

vb1[224]+000 BLENDWEIGHT: 0.568009853, 0.407330394, 0.0246597547, 0
vb1[224]+016 BLENDINDICES: 31, 29, 32, 0

vb1[225]+000 BLENDWEIGHT: 0.52495259, 0.374027044, 0.0860672966, 0.0149530759
vb1[225]+016 BLENDINDICES: 31, 29, 32, 30

vb1[226]+000 BLENDWEIGHT: 0.743479073, 0.234218508, 0.0223024171, 0
vb1[226]+016 BLENDINDICES: 31, 29, 32, 0

vb1[227]+000 BLENDWEIGHT: 0.659653962, 0.238944188, 0.101401851, 0
vb1[227]+016 BLENDINDICES: 31, 29, 32, 0

vb1[228]+000 BLENDWEIGHT: 0.847650468, 0.124495044, 0.0278544966, 0
vb1[228]+016 BLENDINDICES: 31, 29, 32, 0

vb1[229]+000 BLENDWEIGHT: 0.766088367, 0.124092698, 0.109818935, 0
vb1[229]+016 BLENDINDICES: 31, 29, 32, 0

vb1[230]+000 BLENDWEIGHT: 0.850934744, 0.111722931, 0.0373423547, 0
vb1[230]+016 BLENDINDICES: 31, 32, 29, 0

vb1[231]+000 BLENDWEIGHT: 0.922769547, 0.050490614, 0.0267398562, 0
vb1[231]+016 BLENDINDICES: 31, 29, 32, 0

vb1[232]+000 BLENDWEIGHT: 0.855807722, 0.144192278, 0, 0
vb1[232]+016 BLENDINDICES: 31, 29, 0, 0

vb1[233]+000 BLENDWEIGHT: 0.970924318, 0.0290756673, 0, 0
vb1[233]+016 BLENDINDICES: 31, 29, 0, 0

vb1[234]+000 BLENDWEIGHT: 0.58434248, 0.41565752, 0, 0
vb1[234]+016 BLENDINDICES: 31, 29, 0, 0

vb1[235]+000 BLENDWEIGHT: 0.731873989, 0.268125981, 0, 0
vb1[235]+016 BLENDINDICES: 31, 29, 0, 0

vb1[236]+000 BLENDWEIGHT: 0.643303573, 0.351728499, 0.00496793026, 0
vb1[236]+016 BLENDINDICES: 29, 31, 32, 0

vb1[237]+000 BLENDWEIGHT: 0.85225451, 0.147745475, 0, 0
vb1[237]+016 BLENDINDICES: 29, 31, 0, 0

vb1[238]+000 BLENDWEIGHT: 0.990205467, 0.00979455281, 0, 0
vb1[238]+016 BLENDINDICES: 29, 31, 0, 0

vb1[239]+000 BLENDWEIGHT: 0.854412019, 0.117223211, 0.0283647627, 0
vb1[239]+016 BLENDINDICES: 29, 0, 1, 0

vb1[240]+000 BLENDWEIGHT: 0.878277481, 0.0717225447, 0.0500000007, 0
vb1[240]+016 BLENDINDICES: 31, 32, 2, 0

vb1[241]+000 BLENDWEIGHT: 0.735186636, 0.244064987, 0.0207483545, 0
vb1[241]+016 BLENDINDICES: 31, 2, 32, 0

vb1[242]+000 BLENDWEIGHT: 0.734262168, 0.245050415, 0.0206873827, 0
vb1[242]+016 BLENDINDICES: 31, 2, 32, 0

vb1[243]+000 BLENDWEIGHT: 0.941686273, 0.0500000007, 0.00831374805, 0
vb1[243]+016 BLENDINDICES: 31, 2, 32, 0

vb1[244]+000 BLENDWEIGHT: 0.949999988, 0.0500000007, 0, 0
vb1[244]+016 BLENDINDICES: 31, 2, 0, 0

vb1[245]+000 BLENDWEIGHT: 0.737918139, 0.262081891, 0, 0
vb1[245]+016 BLENDINDICES: 31, 2, 0, 0

vb1[246]+000 BLENDWEIGHT: 0.490306407, 0.471391559, 0.0383020341, 0
vb1[246]+016 BLENDINDICES: 2, 31, 4, 0

vb1[247]+000 BLENDWEIGHT: 0.491268754, 0.469913095, 0.0388181321, 0
vb1[247]+016 BLENDINDICES: 2, 31, 4, 0

vb1[248]+000 BLENDWEIGHT: 0.652678132, 0.218287289, 0.129034549, 0
vb1[248]+016 BLENDINDICES: 2, 31, 4, 0

vb1[249]+000 BLENDWEIGHT: 0.652707815, 0.218287289, 0.129004881, 0
vb1[249]+016 BLENDINDICES: 2, 31, 4, 0

vb1[250]+000 BLENDWEIGHT: 0.652707815, 0.218287289, 0.129004881, 0
vb1[250]+016 BLENDINDICES: 2, 31, 4, 0

vb1[251]+000 BLENDWEIGHT: 0.708193243, 0.250446945, 0.0413598195, 0
vb1[251]+016 BLENDINDICES: 2, 4, 31, 0

vb1[252]+000 BLENDWEIGHT: 0.708193243, 0.250446945, 0.0413598195, 0
vb1[252]+016 BLENDINDICES: 2, 4, 31, 0

vb1[253]+000 BLENDWEIGHT: 0.727984846, 0.229499459, 0.0425156802, 0
vb1[253]+016 BLENDINDICES: 2, 4, 31, 0

vb1[254]+000 BLENDWEIGHT: 0.720030785, 0.26387012, 0.0160991009, 0
vb1[254]+016 BLENDINDICES: 2, 4, 31, 0

vb1[255]+000 BLENDWEIGHT: 0.667389989, 0.332610011, 0, 0
vb1[255]+016 BLENDINDICES: 2, 4, 0, 0

vb1[256]+000 BLENDWEIGHT: 0.667389989, 0.332610011, 0, 0
vb1[256]+016 BLENDINDICES: 2, 4, 0, 0

vb1[257]+000 BLENDWEIGHT: 0.706761837, 0.187458292, 0.105779871, 0
vb1[257]+016 BLENDINDICES: 2, 4, 31, 0

vb1[258]+000 BLENDWEIGHT: 0.590287447, 0.409712553, 0, 0
vb1[258]+016 BLENDINDICES: 2, 4, 0, 0

vb1[259]+000 BLENDWEIGHT: 0.584222794, 0.415777206, 0, 0
vb1[259]+016 BLENDINDICES: 2, 4, 0, 0

vb1[260]+000 BLENDWEIGHT: 0.652637362, 0.218287289, 0.129075378, 0
vb1[260]+016 BLENDINDICES: 2, 31, 4, 0

vb1[261]+000 BLENDWEIGHT: 0.516018033, 0.483981967, 0, 0
vb1[261]+016 BLENDINDICES: 2, 4, 0, 0

vb1[262]+000 BLENDWEIGHT: 0.516018033, 0.483981967, 0, 0
vb1[262]+016 BLENDINDICES: 2, 4, 0, 0

vb1[263]+000 BLENDWEIGHT: 0.535459876, 0.464540154, 0, 0
vb1[263]+016 BLENDINDICES: 4, 2, 0, 0

vb1[264]+000 BLENDWEIGHT: 0.535459876, 0.464540154, 0, 0
vb1[264]+016 BLENDINDICES: 4, 2, 0, 0

vb1[265]+000 BLENDWEIGHT: 0.596747756, 0.383974522, 0.019277731, 0
vb1[265]+016 BLENDINDICES: 4, 2, 6, 0

vb1[266]+000 BLENDWEIGHT: 0.596747756, 0.383974522, 0.019277731, 0
vb1[266]+016 BLENDINDICES: 4, 2, 6, 0

vb1[267]+000 BLENDWEIGHT: 0.526018023, 0.473981977, 0, 0
vb1[267]+016 BLENDINDICES: 2, 4, 0, 0

vb1[268]+000 BLENDWEIGHT: 0.640546441, 0.296844572, 0.0626089871, 0
vb1[268]+016 BLENDINDICES: 4, 2, 6, 0

vb1[269]+000 BLENDWEIGHT: 0.640546441, 0.311581939, 0.047871612, 0
vb1[269]+016 BLENDINDICES: 4, 2, 6, 0

vb1[270]+000 BLENDWEIGHT: 0.682982445, 0.229506791, 0.087510787, 0
vb1[270]+016 BLENDINDICES: 4, 2, 6, 0

vb1[271]+000 BLENDWEIGHT: 0.596747756, 0.383974522, 0.019277731, 0
vb1[271]+016 BLENDINDICES: 4, 2, 6, 0

vb1[272]+000 BLENDWEIGHT: 0.526018023, 0.473981977, 0, 0
vb1[272]+016 BLENDINDICES: 2, 4, 0, 0

vb1[273]+000 BLENDWEIGHT: 0.648428857, 0.351571172, 0, 0
vb1[273]+016 BLENDINDICES: 2, 4, 0, 0

vb1[274]+000 BLENDWEIGHT: 0.648428857, 0.351571172, 0, 0
vb1[274]+016 BLENDINDICES: 2, 4, 0, 0

vb1[275]+000 BLENDWEIGHT: 0.708193243, 0.250446945, 0.0413598195, 0
vb1[275]+016 BLENDINDICES: 2, 4, 31, 0

vb1[276]+000 BLENDWEIGHT: 0.667389989, 0.332610041, 0, 0
vb1[276]+016 BLENDINDICES: 2, 4, 0, 0

vb1[277]+000 BLENDWEIGHT: 0.597918272, 0.402081698, 0, 0
vb1[277]+016 BLENDINDICES: 2, 4, 0, 0

vb1[278]+000 BLENDWEIGHT: 0.516018033, 0.483981967, 0, 0
vb1[278]+016 BLENDINDICES: 2, 4, 0, 0

vb1[279]+000 BLENDWEIGHT: 0.708193243, 0.250446945, 0.0413598195, 0
vb1[279]+016 BLENDINDICES: 2, 4, 31, 0

vb1[280]+000 BLENDWEIGHT: 0.670000017, 0.242397726, 0.0876022503, 0
vb1[280]+016 BLENDINDICES: 4, 2, 6, 0

vb1[281]+000 BLENDWEIGHT: 0.696005762, 0.156492561, 0.147501737, 0
vb1[281]+016 BLENDINDICES: 4, 2, 6, 0

vb1[282]+000 BLENDWEIGHT: 0.596747756, 0.383974522, 0.019277731, 0
vb1[282]+016 BLENDINDICES: 4, 2, 6, 0

vb1[283]+000 BLENDWEIGHT: 0.696005762, 0.156492561, 0.147501737, 0
vb1[283]+016 BLENDINDICES: 4, 2, 6, 0

vb1[284]+000 BLENDWEIGHT: 0.706960738, 0.179916844, 0.113122396, 0
vb1[284]+016 BLENDINDICES: 4, 6, 2, 0

vb1[285]+000 BLENDWEIGHT: 0.706960738, 0.179916844, 0.113122396, 0
vb1[285]+016 BLENDINDICES: 4, 6, 2, 0

vb1[286]+000 BLENDWEIGHT: 0.693611979, 0.221477687, 0.084910363, 0
vb1[286]+016 BLENDINDICES: 4, 6, 2, 0

vb1[287]+000 BLENDWEIGHT: 0.70922786, 0.210189477, 0.0805826783, 0
vb1[287]+016 BLENDINDICES: 4, 6, 2, 0

vb1[288]+000 BLENDWEIGHT: 0.680383205, 0.258624077, 0.0609927848, 0
vb1[288]+016 BLENDINDICES: 4, 6, 2, 0

vb1[289]+000 BLENDWEIGHT: 0.680383205, 0.258624077, 0.0609927848, 0
vb1[289]+016 BLENDINDICES: 4, 6, 2, 0

vb1[290]+000 BLENDWEIGHT: 0.660976887, 0.294952989, 0.0440700687, 0
vb1[290]+016 BLENDINDICES: 4, 6, 2, 0

vb1[291]+000 BLENDWEIGHT: 0.659605861, 0.31164825, 0.028745899, 0
vb1[291]+016 BLENDINDICES: 4, 6, 2, 0

vb1[292]+000 BLENDWEIGHT: 0.633438826, 0.338955641, 0.0276055243, 0
vb1[292]+016 BLENDINDICES: 4, 6, 2, 0

vb1[293]+000 BLENDWEIGHT: 0.615270317, 0.370238423, 0.0144912843, 0
vb1[293]+016 BLENDINDICES: 4, 6, 2, 0

vb1[294]+000 BLENDWEIGHT: 0.607804656, 0.377879828, 0.0143154487, 0
vb1[294]+016 BLENDINDICES: 4, 6, 2, 0

vb1[295]+000 BLENDWEIGHT: 0.577615738, 0.411738902, 0.0106453868, 0
vb1[295]+016 BLENDINDICES: 4, 6, 2, 0

vb1[296]+000 BLENDWEIGHT: 0.567957461, 0.421575159, 0.0104673859, 0
vb1[296]+016 BLENDINDICES: 4, 6, 2, 0

vb1[297]+000 BLENDWEIGHT: 0.540471256, 0.459528744, 0, 0
vb1[297]+016 BLENDINDICES: 4, 6, 0, 0

vb1[298]+000 BLENDWEIGHT: 0.5603441, 0.4396559, 0, 0
vb1[298]+016 BLENDINDICES: 4, 6, 0, 0

vb1[299]+000 BLENDWEIGHT: 0.521869421, 0.478130579, 0, 0
vb1[299]+016 BLENDINDICES: 4, 6, 0, 0

vb1[300]+000 BLENDWEIGHT: 0.50920701, 0.49079302, 0, 0
vb1[300]+016 BLENDINDICES: 4, 6, 0, 0

vb1[301]+000 BLENDWEIGHT: 0.528339982, 0.471660048, 0, 0
vb1[301]+016 BLENDINDICES: 4, 6, 0, 0

vb1[302]+000 BLENDWEIGHT: 0.504934907, 0.495065093, 0, 0
vb1[302]+016 BLENDINDICES: 6, 4, 0, 0

vb1[303]+000 BLENDWEIGHT: 0.526769698, 0.473230302, 0, 0
vb1[303]+016 BLENDINDICES: 4, 6, 0, 0

vb1[304]+000 BLENDWEIGHT: 0.532617867, 0.467382133, 0, 0
vb1[304]+016 BLENDINDICES: 6, 4, 0, 0

vb1[305]+000 BLENDWEIGHT: 0.547886908, 0.452113092, 0, 0
vb1[305]+016 BLENDINDICES: 6, 4, 0, 0

vb1[306]+000 BLENDWEIGHT: 0.588654816, 0.400496364, 0.0108488342, 0
vb1[306]+016 BLENDINDICES: 4, 6, 2, 0

vb1[307]+000 BLENDWEIGHT: 0.588654816, 0.400496364, 0.0108488342, 0
vb1[307]+016 BLENDINDICES: 4, 6, 2, 0

vb1[308]+000 BLENDWEIGHT: 0.51214689, 0.48785311, 0, 0
vb1[308]+016 BLENDINDICES: 4, 6, 0, 0

vb1[309]+000 BLENDWEIGHT: 0.513529599, 0.486470401, 0, 0
vb1[309]+016 BLENDINDICES: 6, 4, 0, 0

vb1[310]+000 BLENDWEIGHT: 0.616614044, 0.383385956, 0, 0
vb1[310]+016 BLENDINDICES: 6, 4, 0, 0

vb1[311]+000 BLENDWEIGHT: 0.588654816, 0.400496364, 0.0108488342, 0
vb1[311]+016 BLENDINDICES: 4, 6, 2, 0

vb1[312]+000 BLENDWEIGHT: 0.665106893, 0.305907488, 0.0289856344, 0
vb1[312]+016 BLENDINDICES: 4, 6, 2, 0

vb1[313]+000 BLENDWEIGHT: 0.665106893, 0.305907488, 0.0289856344, 0
vb1[313]+016 BLENDINDICES: 4, 6, 2, 0

vb1[314]+000 BLENDWEIGHT: 0.705574632, 0.212830275, 0.0815951154, 0
vb1[314]+016 BLENDINDICES: 4, 6, 2, 0

vb1[315]+000 BLENDWEIGHT: 0.705574632, 0.212830275, 0.0815951154, 0
vb1[315]+016 BLENDINDICES: 4, 6, 2, 0

vb1[316]+000 BLENDWEIGHT: 0.70790273, 0.159167513, 0.132929742, 0
vb1[316]+016 BLENDINDICES: 4, 2, 6, 0

vb1[317]+000 BLENDWEIGHT: 0.70790273, 0.159167513, 0.132929742, 0
vb1[317]+016 BLENDINDICES: 4, 2, 6, 0

vb1[318]+000 BLENDWEIGHT: 0.670000076, 0.25770247, 0.0722974539, 0
vb1[318]+016 BLENDINDICES: 4, 2, 6, 0

vb1[319]+000 BLENDWEIGHT: 0.670000017, 0.258177072, 0.0718229115, 0
vb1[319]+016 BLENDINDICES: 4, 2, 6, 0

vb1[320]+000 BLENDWEIGHT: 0.596747756, 0.383974522, 0.019277731, 0
vb1[320]+016 BLENDINDICES: 4, 2, 6, 0

vb1[321]+000 BLENDWEIGHT: 0.596747756, 0.383974522, 0.019277731, 0
vb1[321]+016 BLENDINDICES: 4, 2, 6, 0

vb1[322]+000 BLENDWEIGHT: 0.536018014, 0.463981986, 0, 0
vb1[322]+016 BLENDINDICES: 2, 4, 0, 0

vb1[323]+000 BLENDWEIGHT: 0.536018014, 0.463981986, 0, 0
vb1[323]+016 BLENDINDICES: 2, 4, 0, 0

vb1[324]+000 BLENDWEIGHT: 0.648428857, 0.351571172, 0, 0
vb1[324]+016 BLENDINDICES: 2, 4, 0, 0

vb1[325]+000 BLENDWEIGHT: 0.648428857, 0.351571172, 0, 0
vb1[325]+016 BLENDINDICES: 2, 4, 0, 0

vb1[326]+000 BLENDWEIGHT: 0.708193243, 0.250446945, 0.0413598195, 0
vb1[326]+016 BLENDINDICES: 2, 4, 31, 0

vb1[327]+000 BLENDWEIGHT: 0.708193243, 0.250446945, 0.0413598195, 0
vb1[327]+016 BLENDINDICES: 2, 4, 31, 0

vb1[328]+000 BLENDWEIGHT: 0.670000017, 0.25595668, 0.0740432963, 0
vb1[328]+016 BLENDINDICES: 4, 2, 6, 0

vb1[329]+000 BLENDWEIGHT: 0.596747756, 0.383974522, 0.019277731, 0
vb1[329]+016 BLENDINDICES: 4, 2, 6, 0

vb1[330]+000 BLENDWEIGHT: 0.670000076, 0.254811704, 0.075188227, 0
vb1[330]+016 BLENDINDICES: 4, 2, 6, 0

vb1[331]+000 BLENDWEIGHT: 0.596747756, 0.383974522, 0.019277731, 0
vb1[331]+016 BLENDINDICES: 4, 2, 6, 0

vb1[332]+000 BLENDWEIGHT: 0.70790273, 0.159167513, 0.132929742, 0
vb1[332]+016 BLENDINDICES: 4, 2, 6, 0

vb1[333]+000 BLENDWEIGHT: 0.70790273, 0.159167513, 0.132929742, 0
vb1[333]+016 BLENDINDICES: 4, 2, 6, 0

vb1[334]+000 BLENDWEIGHT: 0.705574632, 0.212830275, 0.0815951154, 0
vb1[334]+016 BLENDINDICES: 4, 6, 2, 0

vb1[335]+000 BLENDWEIGHT: 0.705574632, 0.212830275, 0.0815951154, 0
vb1[335]+016 BLENDINDICES: 4, 6, 2, 0

vb1[336]+000 BLENDWEIGHT: 0.536018014, 0.463981986, 0, 0
vb1[336]+016 BLENDINDICES: 2, 4, 0, 0

vb1[337]+000 BLENDWEIGHT: 0.665106893, 0.305907488, 0.0289856344, 0
vb1[337]+016 BLENDINDICES: 4, 6, 2, 0

vb1[338]+000 BLENDWEIGHT: 0.665106893, 0.305907488, 0.0289856344, 0
vb1[338]+016 BLENDINDICES: 4, 6, 2, 0

vb1[339]+000 BLENDWEIGHT: 0.588654816, 0.400496364, 0.0108488342, 0
vb1[339]+016 BLENDINDICES: 4, 6, 2, 0

vb1[340]+000 BLENDWEIGHT: 0.665106893, 0.305907488, 0.0289856344, 0
vb1[340]+016 BLENDINDICES: 4, 6, 2, 0

vb1[341]+000 BLENDWEIGHT: 0.665106893, 0.305907488, 0.0289856344, 0
vb1[341]+016 BLENDINDICES: 4, 6, 2, 0

vb1[342]+000 BLENDWEIGHT: 0.705574632, 0.212830275, 0.0815951154, 0
vb1[342]+016 BLENDINDICES: 4, 6, 2, 0

vb1[343]+000 BLENDWEIGHT: 0.706661642, 0.200589254, 0.0927491337, 0
vb1[343]+016 BLENDINDICES: 4, 6, 2, 0

vb1[344]+000 BLENDWEIGHT: 0.70790273, 0.159167513, 0.132929742, 0
vb1[344]+016 BLENDINDICES: 4, 2, 6, 0

vb1[345]+000 BLENDWEIGHT: 0.70790273, 0.159167513, 0.132929742, 0
vb1[345]+016 BLENDINDICES: 4, 2, 6, 0

vb1[346]+000 BLENDWEIGHT: 0.670000076, 0.259622216, 0.0703777149, 0
vb1[346]+016 BLENDINDICES: 4, 2, 6, 0

vb1[347]+000 BLENDWEIGHT: 0.670000017, 0.256788611, 0.0732113644, 0
vb1[347]+016 BLENDINDICES: 4, 2, 6, 0

vb1[348]+000 BLENDWEIGHT: 0.596747756, 0.383974522, 0.019277731, 0
vb1[348]+016 BLENDINDICES: 4, 2, 6, 0

vb1[349]+000 BLENDWEIGHT: 0.536018014, 0.463981986, 0, 0
vb1[349]+016 BLENDINDICES: 2, 4, 0, 0

vb1[350]+000 BLENDWEIGHT: 0.648428857, 0.351571172, 0, 0
vb1[350]+016 BLENDINDICES: 2, 4, 0, 0

vb1[351]+000 BLENDWEIGHT: 0.708193243, 0.250446945, 0.0413598195, 0
vb1[351]+016 BLENDINDICES: 2, 4, 31, 0

vb1[352]+000 BLENDWEIGHT: 0.648428857, 0.351571172, 0, 0
vb1[352]+016 BLENDINDICES: 2, 4, 0, 0

vb1[353]+000 BLENDWEIGHT: 0.652707815, 0.218287289, 0.129004881, 0
vb1[353]+016 BLENDINDICES: 2, 31, 4, 0

vb1[354]+000 BLENDWEIGHT: 0.652707815, 0.218287289, 0.129004881, 0
vb1[354]+016 BLENDINDICES: 2, 31, 4, 0

vb1[355]+000 BLENDWEIGHT: 0.536018014, 0.463981986, 0, 0
vb1[355]+016 BLENDINDICES: 2, 4, 0, 0

vb1[356]+000 BLENDWEIGHT: 0.652707815, 0.218287289, 0.129004881, 0
vb1[356]+016 BLENDINDICES: 2, 31, 4, 0

vb1[357]+000 BLENDWEIGHT: 0.708193243, 0.250446945, 0.0413598195, 0
vb1[357]+016 BLENDINDICES: 2, 4, 31, 0

vb1[358]+000 BLENDWEIGHT: 0.648428857, 0.351571172, 0, 0
vb1[358]+016 BLENDINDICES: 2, 4, 0, 0

vb1[359]+000 BLENDWEIGHT: 0.536018014, 0.463981986, 0, 0
vb1[359]+016 BLENDINDICES: 2, 4, 0, 0

vb1[360]+000 BLENDWEIGHT: 0.596747756, 0.383974522, 0.019277731, 0
vb1[360]+016 BLENDINDICES: 4, 2, 6, 0

vb1[361]+000 BLENDWEIGHT: 0.670000017, 0.263827175, 0.0661728233, 0
vb1[361]+016 BLENDINDICES: 4, 2, 6, 0

vb1[362]+000 BLENDWEIGHT: 0.70790273, 0.159167513, 0.132929742, 0
vb1[362]+016 BLENDINDICES: 4, 2, 6, 0

vb1[363]+000 BLENDWEIGHT: 0.705574632, 0.212830275, 0.0815951154, 0
vb1[363]+016 BLENDINDICES: 4, 6, 2, 0

vb1[364]+000 BLENDWEIGHT: 0.665106893, 0.305907488, 0.0289856344, 0
vb1[364]+016 BLENDINDICES: 4, 6, 2, 0

vb1[365]+000 BLENDWEIGHT: 0.588654816, 0.400496364, 0.0108488342, 0
vb1[365]+016 BLENDINDICES: 4, 6, 2, 0

vb1[366]+000 BLENDWEIGHT: 0.513529599, 0.486470401, 0, 0
vb1[366]+016 BLENDINDICES: 6, 4, 0, 0

vb1[367]+000 BLENDWEIGHT: 0.616614044, 0.383385956, 0, 0
vb1[367]+016 BLENDINDICES: 6, 4, 0, 0

vb1[368]+000 BLENDWEIGHT: 0.6203596, 0.3796404, 0, 0
vb1[368]+016 BLENDINDICES: 6, 4, 0, 0

vb1[369]+000 BLENDWEIGHT: 0.721377969, 0.278622001, 0, 0
vb1[369]+016 BLENDINDICES: 6, 4, 0, 0

vb1[370]+000 BLENDWEIGHT: 0.737189353, 0.262810647, 0, 0
vb1[370]+016 BLENDINDICES: 6, 4, 0, 0

vb1[371]+000 BLENDWEIGHT: 0.68405056, 0.31594947, 0, 0
vb1[371]+016 BLENDINDICES: 6, 4, 0, 0

vb1[372]+000 BLENDWEIGHT: 0.748934031, 0.251065969, 0, 0
vb1[372]+016 BLENDINDICES: 6, 4, 0, 0

vb1[373]+000 BLENDWEIGHT: 0.796730042, 0.203269958, 0, 0
vb1[373]+016 BLENDINDICES: 6, 4, 0, 0

vb1[374]+000 BLENDWEIGHT: 0.807199895, 0.192800134, 0, 0
vb1[374]+016 BLENDINDICES: 6, 4, 0, 0

vb1[375]+000 BLENDWEIGHT: 0.606614053, 0.393385947, 0, 0
vb1[375]+016 BLENDINDICES: 6, 4, 0, 0

vb1[376]+000 BLENDWEIGHT: 0.620147884, 0.379852116, 0, 0
vb1[376]+016 BLENDINDICES: 6, 4, 0, 0

vb1[377]+000 BLENDWEIGHT: 0.741378009, 0.258621991, 0, 0
vb1[377]+016 BLENDINDICES: 6, 4, 0, 0

vb1[378]+000 BLENDWEIGHT: 0.616614044, 0.383385956, 0, 0
vb1[378]+016 BLENDINDICES: 6, 4, 0, 0

vb1[379]+000 BLENDWEIGHT: 0.721377969, 0.278622001, 0, 0
vb1[379]+016 BLENDINDICES: 6, 4, 0, 0

vb1[380]+000 BLENDWEIGHT: 0.839749932, 0.160250083, 0, 0
vb1[380]+016 BLENDINDICES: 6, 4, 0, 0

vb1[381]+000 BLENDWEIGHT: 0.872472525, 0.12752746, 0, 0
vb1[381]+016 BLENDINDICES: 6, 4, 0, 0

vb1[382]+000 BLENDWEIGHT: 0.898057401, 0.101942614, 0, 0
vb1[382]+016 BLENDINDICES: 6, 4, 0, 0

vb1[383]+000 BLENDWEIGHT: 0.825003207, 0.174996778, 0, 0
vb1[383]+016 BLENDINDICES: 6, 4, 0, 0

vb1[384]+000 BLENDWEIGHT: 0.898364067, 0.101635925, 0, 0
vb1[384]+016 BLENDINDICES: 6, 4, 0, 0

vb1[385]+000 BLENDWEIGHT: 0.955799997, 0.0441999771, 0, 0
vb1[385]+016 BLENDINDICES: 6, 4, 0, 0

vb1[386]+000 BLENDWEIGHT: 0.963479459, 0.0365205295, 0, 0
vb1[386]+016 BLENDINDICES: 6, 4, 0, 0

vb1[387]+000 BLENDWEIGHT: 0.985432804, 0.0145671964, 0, 0
vb1[387]+016 BLENDINDICES: 6, 4, 0, 0

vb1[388]+000 BLENDWEIGHT: 1, 0, 0, 0
vb1[388]+016 BLENDINDICES: 6, 0, 0, 0

vb1[389]+000 BLENDWEIGHT: 0.981028199, 0.0189717878, 0, 0
vb1[389]+016 BLENDINDICES: 6, 4, 0, 0

vb1[390]+000 BLENDWEIGHT: 1, 0, 0, 0
vb1[390]+016 BLENDINDICES: 6, 0, 0, 0

vb1[391]+000 BLENDWEIGHT: 1, 0, 0, 0
vb1[391]+016 BLENDINDICES: 6, 0, 0, 0

vb1[392]+000 BLENDWEIGHT: 1, 0, 0, 0
vb1[392]+016 BLENDINDICES: 6, 0, 0, 0

vb1[393]+000 BLENDWEIGHT: 1, 0, 0, 0
vb1[393]+016 BLENDINDICES: 6, 0, 0, 0

vb1[394]+000 BLENDWEIGHT: 1, 0, 0, 0
vb1[394]+016 BLENDINDICES: 6, 0, 0, 0

vb1[395]+000 BLENDWEIGHT: 1, 0, 0, 0
vb1[395]+016 BLENDINDICES: 6, 0, 0, 0

vb1[396]+000 BLENDWEIGHT: 0.960467696, 0.0395323001, 0, 0
vb1[396]+016 BLENDINDICES: 6, 4, 0, 0

vb1[397]+000 BLENDWEIGHT: 0.967718661, 0.0322813392, 0, 0
vb1[397]+016 BLENDINDICES: 6, 4, 0, 0

vb1[398]+000 BLENDWEIGHT: 0.956932485, 0.0430675149, 0, 0
vb1[398]+016 BLENDINDICES: 6, 4, 0, 0

vb1[399]+000 BLENDWEIGHT: 0.928949058, 0.0710509345, 0, 0
vb1[399]+016 BLENDINDICES: 6, 4, 0, 0

vb1[400]+000 BLENDWEIGHT: 0.924820364, 0.0751796439, 0, 0
vb1[400]+016 BLENDINDICES: 6, 4, 0, 0

vb1[401]+000 BLENDWEIGHT: 0.865436673, 0.134563312, 0, 0
vb1[401]+016 BLENDINDICES: 6, 4, 0, 0

vb1[402]+000 BLENDWEIGHT: 0.489980429, 0.471892178, 0.0381273925, 0
vb1[402]+016 BLENDINDICES: 2, 31, 4, 0

vb1[403]+000 BLENDWEIGHT: 0.489980429, 0.471892178, 0.0381273925, 0
vb1[403]+016 BLENDINDICES: 2, 31, 4, 0

vb1[404]+000 BLENDWEIGHT: 0.489980429, 0.471892178, 0.0381273925, 0
vb1[404]+016 BLENDINDICES: 2, 31, 4, 0

vb1[405]+000 BLENDWEIGHT: 0.513529599, 0.486470401, 0, 0
vb1[405]+016 BLENDINDICES: 6, 4, 0, 0

vb1[406]+000 BLENDWEIGHT: 0.588654816, 0.400496364, 0.0108488342, 0
vb1[406]+016 BLENDINDICES: 4, 6, 2, 0

vb1[407]+000 BLENDWEIGHT: 0.588654816, 0.400496364, 0.0108488342, 0
vb1[407]+016 BLENDINDICES: 4, 6, 2, 0

vb1[408]+000 BLENDWEIGHT: 0.665106893, 0.305907488, 0.0289856344, 0
vb1[408]+016 BLENDINDICES: 4, 6, 2, 0

vb1[409]+000 BLENDWEIGHT: 0.513529599, 0.486470401, 0, 0
vb1[409]+016 BLENDINDICES: 6, 4, 0, 0

vb1[410]+000 BLENDWEIGHT: 0.670000017, 0.261960894, 0.0680390745, 0
vb1[410]+016 BLENDINDICES: 4, 2, 6, 0

vb1[411]+000 BLENDWEIGHT: 0.596747756, 0.383974522, 0.019277731, 0
vb1[411]+016 BLENDINDICES: 4, 2, 6, 0

vb1[412]+000 BLENDWEIGHT: 0.774793029, 0.147745475, 0.0569323078, 0.0205291603
vb1[412]+016 BLENDINDICES: 30, 32, 29, 31

vb1[413]+000 BLENDWEIGHT: 0.649733126, 0.219629332, 0.0856584236, 0.0449790917
vb1[413]+016 BLENDINDICES: 30, 32, 29, 31

vb1[414]+000 BLENDWEIGHT: 0.705295324, 0.147745475, 0.106263943, 0.040695224
vb1[414]+016 BLENDINDICES: 30, 32, 29, 31

vb1[415]+000 BLENDWEIGHT: 0.675871372, 0.264249265, 0.0389969721, 0.0208824072
vb1[415]+016 BLENDINDICES: 30, 32, 29, 31

vb1[416]+000 BLENDWEIGHT: 0.746521115, 0.161045194, 0.0872475281, 0.00518613541
vb1[416]+016 BLENDINDICES: 30, 29, 32, 31

vb1[417]+000 BLENDWEIGHT: 0.803390563, 0.110003434, 0.0809894875, 0.0056165196
vb1[417]+016 BLENDINDICES: 30, 32, 29, 31

vb1[418]+000 BLENDWEIGHT: 0.830804884, 0.151172057, 0.00968557131, 0.00833751075
vb1[418]+016 BLENDINDICES: 30, 29, 32, 31

vb1[419]+000 BLENDWEIGHT: 0.936198473, 0.0512617417, 0.00968557037, 0.00285424222
vb1[419]+016 BLENDINDICES: 30, 29, 32, 31

vb1[420]+000 BLENDWEIGHT: 0.768970847, 0.105500884, 0.100000009, 0.0255282875
vb1[420]+016 BLENDINDICES: 30, 0, 29, 1

vb1[421]+000 BLENDWEIGHT: 0.854412019, 0.117223211, 0.0283647627, 0
vb1[421]+016 BLENDINDICES: 30, 0, 1, 0

vb1[422]+000 BLENDWEIGHT: 0.847318828, 0.152681172, 0, 0
vb1[422]+016 BLENDINDICES: 30, 0, 0, 0

vb1[423]+000 BLENDWEIGHT: 0.545956552, 0.344409138, 0.0628322661, 0.0468021296
vb1[423]+016 BLENDINDICES: 30, 32, 29, 31

vb1[424]+000 BLENDWEIGHT: 0.617017925, 0.341339648, 0.0226629991, 0.0189793762
vb1[424]+016 BLENDINDICES: 30, 32, 29, 31

vb1[425]+000 BLENDWEIGHT: 0.568009853, 0.407330394, 0.0246597547, 0
vb1[425]+016 BLENDINDICES: 32, 30, 31, 0

vb1[426]+000 BLENDWEIGHT: 0.52495259, 0.374027044, 0.0860672966, 0.0149530759
vb1[426]+016 BLENDINDICES: 32, 30, 31, 29

vb1[427]+000 BLENDWEIGHT: 0.743479073, 0.234218508, 0.0223024171, 0
vb1[427]+016 BLENDINDICES: 32, 30, 31, 0

vb1[428]+000 BLENDWEIGHT: 0.659653962, 0.238944188, 0.101401851, 0
vb1[428]+016 BLENDINDICES: 32, 30, 31, 0

vb1[429]+000 BLENDWEIGHT: 0.847650468, 0.124495044, 0.0278544966, 0
vb1[429]+016 BLENDINDICES: 32, 30, 31, 0

vb1[430]+000 BLENDWEIGHT: 0.766088367, 0.124092698, 0.109818935, 0
vb1[430]+016 BLENDINDICES: 32, 30, 31, 0

vb1[431]+000 BLENDWEIGHT: 0.850934744, 0.111722931, 0.0373423547, 0
vb1[431]+016 BLENDINDICES: 32, 31, 30, 0

vb1[432]+000 BLENDWEIGHT: 0.922769547, 0.050490614, 0.0267398562, 0
vb1[432]+016 BLENDINDICES: 32, 30, 31, 0

vb1[433]+000 BLENDWEIGHT: 0.855807722, 0.144192278, 0, 0
vb1[433]+016 BLENDINDICES: 32, 30, 0, 0

vb1[434]+000 BLENDWEIGHT: 0.970924318, 0.0290756673, 0, 0
vb1[434]+016 BLENDINDICES: 32, 30, 0, 0

vb1[435]+000 BLENDWEIGHT: 0.58434248, 0.41565752, 0, 0
vb1[435]+016 BLENDINDICES: 32, 30, 0, 0

vb1[436]+000 BLENDWEIGHT: 0.731873989, 0.268125981, 0, 0
vb1[436]+016 BLENDINDICES: 32, 30, 0, 0

vb1[437]+000 BLENDWEIGHT: 0.643303573, 0.351728499, 0.00496793026, 0
vb1[437]+016 BLENDINDICES: 30, 32, 31, 0

vb1[438]+000 BLENDWEIGHT: 0.85225451, 0.147745475, 0, 0
vb1[438]+016 BLENDINDICES: 30, 32, 0, 0

vb1[439]+000 BLENDWEIGHT: 0.990205467, 0.00979455281, 0, 0
vb1[439]+016 BLENDINDICES: 30, 32, 0, 0

vb1[440]+000 BLENDWEIGHT: 0.854412019, 0.117223211, 0.0283647627, 0
vb1[440]+016 BLENDINDICES: 30, 0, 1, 0

vb1[441]+000 BLENDWEIGHT: 0.878277481, 0.0717225447, 0.0500000007, 0
vb1[441]+016 BLENDINDICES: 32, 31, 3, 0

vb1[442]+000 BLENDWEIGHT: 0.735186636, 0.244064987, 0.0207483545, 0
vb1[442]+016 BLENDINDICES: 32, 3, 31, 0

vb1[443]+000 BLENDWEIGHT: 0.941686273, 0.0500000007, 0.00831374805, 0
vb1[443]+016 BLENDINDICES: 32, 3, 31, 0

vb1[444]+000 BLENDWEIGHT: 0.949999988, 0.0500000007, 0, 0
vb1[444]+016 BLENDINDICES: 32, 3, 0, 0

vb1[445]+000 BLENDWEIGHT: 0.737918139, 0.262081891, 0, 0
vb1[445]+016 BLENDINDICES: 32, 3, 0, 0

vb1[446]+000 BLENDWEIGHT: 0.734262168, 0.245050415, 0.0206873827, 0
vb1[446]+016 BLENDINDICES: 32, 3, 31, 0

vb1[447]+000 BLENDWEIGHT: 0.490306407, 0.471391559, 0.0383020341, 0
vb1[447]+016 BLENDINDICES: 3, 32, 5, 0

vb1[448]+000 BLENDWEIGHT: 0.491268754, 0.469913095, 0.0388181321, 0
vb1[448]+016 BLENDINDICES: 3, 32, 5, 0

vb1[449]+000 BLENDWEIGHT: 0.652678132, 0.218287289, 0.129034549, 0
vb1[449]+016 BLENDINDICES: 3, 32, 5, 0

vb1[450]+000 BLENDWEIGHT: 0.652707815, 0.218287289, 0.129004881, 0
vb1[450]+016 BLENDINDICES: 3, 32, 5, 0

vb1[451]+000 BLENDWEIGHT: 0.652707815, 0.218287289, 0.129004881, 0
vb1[451]+016 BLENDINDICES: 3, 32, 5, 0

vb1[452]+000 BLENDWEIGHT: 0.708193243, 0.250446945, 0.0413598195, 0
vb1[452]+016 BLENDINDICES: 3, 5, 32, 0

vb1[453]+000 BLENDWEIGHT: 0.708193243, 0.250446945, 0.0413598195, 0
vb1[453]+016 BLENDINDICES: 3, 5, 32, 0

vb1[454]+000 BLENDWEIGHT: 0.727984846, 0.229499459, 0.0425156802, 0
vb1[454]+016 BLENDINDICES: 3, 5, 32, 0

vb1[455]+000 BLENDWEIGHT: 0.720030785, 0.26387012, 0.0160991009, 0
vb1[455]+016 BLENDINDICES: 3, 5, 32, 0

vb1[456]+000 BLENDWEIGHT: 0.667389989, 0.332610011, 0, 0
vb1[456]+016 BLENDINDICES: 3, 5, 0, 0

vb1[457]+000 BLENDWEIGHT: 0.667389989, 0.332610011, 0, 0
vb1[457]+016 BLENDINDICES: 3, 5, 0, 0

vb1[458]+000 BLENDWEIGHT: 0.706761837, 0.187458292, 0.105779871, 0
vb1[458]+016 BLENDINDICES: 3, 5, 32, 0

vb1[459]+000 BLENDWEIGHT: 0.590287447, 0.409712553, 0, 0
vb1[459]+016 BLENDINDICES: 3, 5, 0, 0

vb1[460]+000 BLENDWEIGHT: 0.584222794, 0.415777206, 0, 0
vb1[460]+016 BLENDINDICES: 3, 5, 0, 0

vb1[461]+000 BLENDWEIGHT: 0.652637362, 0.218287289, 0.129075378, 0
vb1[461]+016 BLENDINDICES: 3, 32, 5, 0

vb1[462]+000 BLENDWEIGHT: 0.516018033, 0.483981967, 0, 0
vb1[462]+016 BLENDINDICES: 3, 5, 0, 0

vb1[463]+000 BLENDWEIGHT: 0.516018033, 0.483981967, 0, 0
vb1[463]+016 BLENDINDICES: 3, 5, 0, 0

vb1[464]+000 BLENDWEIGHT: 0.535459876, 0.464540154, 0, 0
vb1[464]+016 BLENDINDICES: 5, 3, 0, 0

vb1[465]+000 BLENDWEIGHT: 0.535459876, 0.464540154, 0, 0
vb1[465]+016 BLENDINDICES: 5, 3, 0, 0

vb1[466]+000 BLENDWEIGHT: 0.596747756, 0.383974522, 0.019277731, 0
vb1[466]+016 BLENDINDICES: 5, 3, 7, 0

vb1[467]+000 BLENDWEIGHT: 0.596747756, 0.383974522, 0.019277731, 0
vb1[467]+016 BLENDINDICES: 5, 3, 7, 0

vb1[468]+000 BLENDWEIGHT: 0.526018023, 0.473981977, 0, 0
vb1[468]+016 BLENDINDICES: 3, 5, 0, 0

vb1[469]+000 BLENDWEIGHT: 0.640546441, 0.296844572, 0.0626089871, 0
vb1[469]+016 BLENDINDICES: 5, 3, 7, 0

vb1[470]+000 BLENDWEIGHT: 0.640546441, 0.311581939, 0.047871612, 0
vb1[470]+016 BLENDINDICES: 5, 3, 7, 0

vb1[471]+000 BLENDWEIGHT: 0.682982445, 0.229506791, 0.087510787, 0
vb1[471]+016 BLENDINDICES: 5, 3, 7, 0

vb1[472]+000 BLENDWEIGHT: 0.596747756, 0.383974522, 0.019277731, 0
vb1[472]+016 BLENDINDICES: 5, 3, 7, 0

vb1[473]+000 BLENDWEIGHT: 0.526018023, 0.473981977, 0, 0
vb1[473]+016 BLENDINDICES: 3, 5, 0, 0

vb1[474]+000 BLENDWEIGHT: 0.648428857, 0.351571172, 0, 0
vb1[474]+016 BLENDINDICES: 3, 5, 0, 0

vb1[475]+000 BLENDWEIGHT: 0.648428857, 0.351571172, 0, 0
vb1[475]+016 BLENDINDICES: 3, 5, 0, 0

vb1[476]+000 BLENDWEIGHT: 0.708193243, 0.250446945, 0.0413598195, 0
vb1[476]+016 BLENDINDICES: 3, 5, 32, 0

vb1[477]+000 BLENDWEIGHT: 0.667389989, 0.332610041, 0, 0
vb1[477]+016 BLENDINDICES: 3, 5, 0, 0

vb1[478]+000 BLENDWEIGHT: 0.597918272, 0.402081698, 0, 0
vb1[478]+016 BLENDINDICES: 3, 5, 0, 0

vb1[479]+000 BLENDWEIGHT: 0.516018033, 0.483981967, 0, 0
vb1[479]+016 BLENDINDICES: 3, 5, 0, 0

vb1[480]+000 BLENDWEIGHT: 0.708193243, 0.250446945, 0.0413598195, 0
vb1[480]+016 BLENDINDICES: 3, 5, 32, 0

vb1[481]+000 BLENDWEIGHT: 0.670000017, 0.242397726, 0.0876022503, 0
vb1[481]+016 BLENDINDICES: 5, 3, 7, 0

vb1[482]+000 BLENDWEIGHT: 0.696005762, 0.156492561, 0.147501737, 0
vb1[482]+016 BLENDINDICES: 5, 3, 7, 0

vb1[483]+000 BLENDWEIGHT: 0.596747756, 0.383974522, 0.019277731, 0
vb1[483]+016 BLENDINDICES: 5, 3, 7, 0

vb1[484]+000 BLENDWEIGHT: 0.696005762, 0.156492561, 0.147501737, 0
vb1[484]+016 BLENDINDICES: 5, 3, 7, 0

vb1[485]+000 BLENDWEIGHT: 0.706960738, 0.179916844, 0.113122396, 0
vb1[485]+016 BLENDINDICES: 5, 7, 3, 0

vb1[486]+000 BLENDWEIGHT: 0.706960738, 0.179916844, 0.113122396, 0
vb1[486]+016 BLENDINDICES: 5, 7, 3, 0

vb1[487]+000 BLENDWEIGHT: 0.693611979, 0.221477687, 0.084910363, 0
vb1[487]+016 BLENDINDICES: 5, 7, 3, 0

vb1[488]+000 BLENDWEIGHT: 0.70922786, 0.210189477, 0.0805826783, 0
vb1[488]+016 BLENDINDICES: 5, 7, 3, 0

vb1[489]+000 BLENDWEIGHT: 0.680383205, 0.258624077, 0.0609927848, 0
vb1[489]+016 BLENDINDICES: 5, 7, 3, 0

vb1[490]+000 BLENDWEIGHT: 0.680383205, 0.258624077, 0.0609927848, 0
vb1[490]+016 BLENDINDICES: 5, 7, 3, 0

vb1[491]+000 BLENDWEIGHT: 0.660976887, 0.294952989, 0.0440700687, 0
vb1[491]+016 BLENDINDICES: 5, 7, 3, 0

vb1[492]+000 BLENDWEIGHT: 0.659605861, 0.31164825, 0.028745899, 0
vb1[492]+016 BLENDINDICES: 5, 7, 3, 0

vb1[493]+000 BLENDWEIGHT: 0.633438826, 0.338955641, 0.0276055243, 0
vb1[493]+016 BLENDINDICES: 5, 7, 3, 0

vb1[494]+000 BLENDWEIGHT: 0.615270317, 0.370238423, 0.0144912843, 0
vb1[494]+016 BLENDINDICES: 5, 7, 3, 0

vb1[495]+000 BLENDWEIGHT: 0.607804656, 0.377879828, 0.0143154487, 0
vb1[495]+016 BLENDINDICES: 5, 7, 3, 0

vb1[496]+000 BLENDWEIGHT: 0.577615738, 0.411738902, 0.0106453868, 0
vb1[496]+016 BLENDINDICES: 5, 7, 3, 0

vb1[497]+000 BLENDWEIGHT: 0.567957461, 0.421575159, 0.0104673859, 0
vb1[497]+016 BLENDINDICES: 5, 7, 3, 0

vb1[498]+000 BLENDWEIGHT: 0.540471256, 0.459528744, 0, 0
vb1[498]+016 BLENDINDICES: 5, 7, 0, 0

vb1[499]+000 BLENDWEIGHT: 0.5603441, 0.4396559, 0, 0
vb1[499]+016 BLENDINDICES: 5, 7, 0, 0

vb1[500]+000 BLENDWEIGHT: 0.521869421, 0.478130579, 0, 0
vb1[500]+016 BLENDINDICES: 5, 7, 0, 0

vb1[501]+000 BLENDWEIGHT: 0.50920701, 0.49079302, 0, 0
vb1[501]+016 BLENDINDICES: 5, 7, 0, 0

vb1[502]+000 BLENDWEIGHT: 0.528339982, 0.471660048, 0, 0
vb1[502]+016 BLENDINDICES: 5, 7, 0, 0

vb1[503]+000 BLENDWEIGHT: 0.504934907, 0.495065093, 0, 0
vb1[503]+016 BLENDINDICES: 7, 5, 0, 0

vb1[504]+000 BLENDWEIGHT: 0.526769698, 0.473230302, 0, 0
vb1[504]+016 BLENDINDICES: 5, 7, 0, 0

vb1[505]+000 BLENDWEIGHT: 0.532617867, 0.467382133, 0, 0
vb1[505]+016 BLENDINDICES: 7, 5, 0, 0

vb1[506]+000 BLENDWEIGHT: 0.547886908, 0.452113092, 0, 0
vb1[506]+016 BLENDINDICES: 7, 5, 0, 0

vb1[507]+000 BLENDWEIGHT: 0.588654816, 0.400496364, 0.0108488342, 0
vb1[507]+016 BLENDINDICES: 5, 7, 3, 0

vb1[508]+000 BLENDWEIGHT: 0.588654816, 0.400496364, 0.0108488342, 0
vb1[508]+016 BLENDINDICES: 5, 7, 3, 0

vb1[509]+000 BLENDWEIGHT: 0.51214689, 0.48785311, 0, 0
vb1[509]+016 BLENDINDICES: 5, 7, 0, 0

vb1[510]+000 BLENDWEIGHT: 0.513529599, 0.486470401, 0, 0
vb1[510]+016 BLENDINDICES: 7, 5, 0, 0

vb1[511]+000 BLENDWEIGHT: 0.616614044, 0.383385956, 0, 0
vb1[511]+016 BLENDINDICES: 7, 5, 0, 0

vb1[512]+000 BLENDWEIGHT: 0.588654816, 0.400496364, 0.0108488342, 0
vb1[512]+016 BLENDINDICES: 5, 7, 3, 0

vb1[513]+000 BLENDWEIGHT: 0.665106893, 0.305907488, 0.0289856344, 0
vb1[513]+016 BLENDINDICES: 5, 7, 3, 0

vb1[514]+000 BLENDWEIGHT: 0.665106893, 0.305907488, 0.0289856344, 0
vb1[514]+016 BLENDINDICES: 5, 7, 3, 0

vb1[515]+000 BLENDWEIGHT: 0.705574632, 0.212830275, 0.0815951154, 0
vb1[515]+016 BLENDINDICES: 5, 7, 3, 0

vb1[516]+000 BLENDWEIGHT: 0.705574632, 0.212830275, 0.0815951154, 0
vb1[516]+016 BLENDINDICES: 5, 7, 3, 0

vb1[517]+000 BLENDWEIGHT: 0.70790273, 0.159167513, 0.132929742, 0
vb1[517]+016 BLENDINDICES: 5, 3, 7, 0

vb1[518]+000 BLENDWEIGHT: 0.70790273, 0.159167513, 0.132929742, 0
vb1[518]+016 BLENDINDICES: 5, 3, 7, 0

vb1[519]+000 BLENDWEIGHT: 0.670000076, 0.25770247, 0.0722974539, 0
vb1[519]+016 BLENDINDICES: 5, 3, 7, 0

vb1[520]+000 BLENDWEIGHT: 0.670000017, 0.258177072, 0.0718229115, 0
vb1[520]+016 BLENDINDICES: 5, 3, 7, 0

vb1[521]+000 BLENDWEIGHT: 0.596747756, 0.383974522, 0.019277731, 0
vb1[521]+016 BLENDINDICES: 5, 3, 7, 0

vb1[522]+000 BLENDWEIGHT: 0.596747756, 0.383974522, 0.019277731, 0
vb1[522]+016 BLENDINDICES: 5, 3, 7, 0

vb1[523]+000 BLENDWEIGHT: 0.536018014, 0.463981986, 0, 0
vb1[523]+016 BLENDINDICES: 3, 5, 0, 0

vb1[524]+000 BLENDWEIGHT: 0.536018014, 0.463981986, 0, 0
vb1[524]+016 BLENDINDICES: 3, 5, 0, 0

vb1[525]+000 BLENDWEIGHT: 0.648428857, 0.351571172, 0, 0
vb1[525]+016 BLENDINDICES: 3, 5, 0, 0

vb1[526]+000 BLENDWEIGHT: 0.648428857, 0.351571172, 0, 0
vb1[526]+016 BLENDINDICES: 3, 5, 0, 0

vb1[527]+000 BLENDWEIGHT: 0.708193243, 0.250446945, 0.0413598195, 0
vb1[527]+016 BLENDINDICES: 3, 5, 32, 0

vb1[528]+000 BLENDWEIGHT: 0.708193243, 0.250446945, 0.0413598195, 0
vb1[528]+016 BLENDINDICES: 3, 5, 32, 0

vb1[529]+000 BLENDWEIGHT: 0.670000017, 0.25595668, 0.0740432963, 0
vb1[529]+016 BLENDINDICES: 5, 3, 7, 0

vb1[530]+000 BLENDWEIGHT: 0.596747756, 0.383974522, 0.019277731, 0
vb1[530]+016 BLENDINDICES: 5, 3, 7, 0

vb1[531]+000 BLENDWEIGHT: 0.670000076, 0.254811704, 0.075188227, 0
vb1[531]+016 BLENDINDICES: 5, 3, 7, 0

vb1[532]+000 BLENDWEIGHT: 0.596747756, 0.383974522, 0.019277731, 0
vb1[532]+016 BLENDINDICES: 5, 3, 7, 0

vb1[533]+000 BLENDWEIGHT: 0.70790273, 0.159167513, 0.132929742, 0
vb1[533]+016 BLENDINDICES: 5, 3, 7, 0

vb1[534]+000 BLENDWEIGHT: 0.70790273, 0.159167513, 0.132929742, 0
vb1[534]+016 BLENDINDICES: 5, 3, 7, 0

vb1[535]+000 BLENDWEIGHT: 0.705574632, 0.212830275, 0.0815951154, 0
vb1[535]+016 BLENDINDICES: 5, 7, 3, 0

vb1[536]+000 BLENDWEIGHT: 0.705574632, 0.212830275, 0.0815951154, 0
vb1[536]+016 BLENDINDICES: 5, 7, 3, 0

vb1[537]+000 BLENDWEIGHT: 0.536018014, 0.463981986, 0, 0
vb1[537]+016 BLENDINDICES: 3, 5, 0, 0

vb1[538]+000 BLENDWEIGHT: 0.665106893, 0.305907488, 0.0289856344, 0
vb1[538]+016 BLENDINDICES: 5, 7, 3, 0

vb1[539]+000 BLENDWEIGHT: 0.665106893, 0.305907488, 0.0289856344, 0
vb1[539]+016 BLENDINDICES: 5, 7, 3, 0

vb1[540]+000 BLENDWEIGHT: 0.588654816, 0.400496364, 0.0108488342, 0
vb1[540]+016 BLENDINDICES: 5, 7, 3, 0

vb1[541]+000 BLENDWEIGHT: 0.665106893, 0.305907488, 0.0289856344, 0
vb1[541]+016 BLENDINDICES: 5, 7, 3, 0

vb1[542]+000 BLENDWEIGHT: 0.665106893, 0.305907488, 0.0289856344, 0
vb1[542]+016 BLENDINDICES: 5, 7, 3, 0

vb1[543]+000 BLENDWEIGHT: 0.705574632, 0.212830275, 0.0815951154, 0
vb1[543]+016 BLENDINDICES: 5, 7, 3, 0

vb1[544]+000 BLENDWEIGHT: 0.706661642, 0.200589254, 0.0927491337, 0
vb1[544]+016 BLENDINDICES: 5, 7, 3, 0

vb1[545]+000 BLENDWEIGHT: 0.70790273, 0.159167513, 0.132929742, 0
vb1[545]+016 BLENDINDICES: 5, 3, 7, 0

vb1[546]+000 BLENDWEIGHT: 0.70790273, 0.159167513, 0.132929742, 0
vb1[546]+016 BLENDINDICES: 5, 3, 7, 0

vb1[547]+000 BLENDWEIGHT: 0.670000076, 0.259622216, 0.0703777149, 0
vb1[547]+016 BLENDINDICES: 5, 3, 7, 0

vb1[548]+000 BLENDWEIGHT: 0.670000017, 0.256788611, 0.0732113644, 0
vb1[548]+016 BLENDINDICES: 5, 3, 7, 0

vb1[549]+000 BLENDWEIGHT: 0.596747756, 0.383974522, 0.019277731, 0
vb1[549]+016 BLENDINDICES: 5, 3, 7, 0

vb1[550]+000 BLENDWEIGHT: 0.536018014, 0.463981986, 0, 0
vb1[550]+016 BLENDINDICES: 3, 5, 0, 0

vb1[551]+000 BLENDWEIGHT: 0.648428857, 0.351571172, 0, 0
vb1[551]+016 BLENDINDICES: 3, 5, 0, 0

vb1[552]+000 BLENDWEIGHT: 0.708193243, 0.250446945, 0.0413598195, 0
vb1[552]+016 BLENDINDICES: 3, 5, 32, 0

vb1[553]+000 BLENDWEIGHT: 0.648428857, 0.351571172, 0, 0
vb1[553]+016 BLENDINDICES: 3, 5, 0, 0

vb1[554]+000 BLENDWEIGHT: 0.652707815, 0.218287289, 0.129004881, 0
vb1[554]+016 BLENDINDICES: 3, 32, 5, 0

vb1[555]+000 BLENDWEIGHT: 0.652707815, 0.218287289, 0.129004881, 0
vb1[555]+016 BLENDINDICES: 3, 32, 5, 0

vb1[556]+000 BLENDWEIGHT: 0.536018014, 0.463981986, 0, 0
vb1[556]+016 BLENDINDICES: 3, 5, 0, 0

vb1[557]+000 BLENDWEIGHT: 0.652707815, 0.218287289, 0.129004881, 0
vb1[557]+016 BLENDINDICES: 3, 32, 5, 0

vb1[558]+000 BLENDWEIGHT: 0.708193243, 0.250446945, 0.0413598195, 0
vb1[558]+016 BLENDINDICES: 3, 5, 32, 0

vb1[559]+000 BLENDWEIGHT: 0.648428857, 0.351571172, 0, 0
vb1[559]+016 BLENDINDICES: 3, 5, 0, 0

vb1[560]+000 BLENDWEIGHT: 0.536018014, 0.463981986, 0, 0
vb1[560]+016 BLENDINDICES: 3, 5, 0, 0

vb1[561]+000 BLENDWEIGHT: 0.596747756, 0.383974522, 0.019277731, 0
vb1[561]+016 BLENDINDICES: 5, 3, 7, 0

vb1[562]+000 BLENDWEIGHT: 0.670000017, 0.263827175, 0.0661728233, 0
vb1[562]+016 BLENDINDICES: 5, 3, 7, 0

vb1[563]+000 BLENDWEIGHT: 0.70790273, 0.159167513, 0.132929742, 0
vb1[563]+016 BLENDINDICES: 5, 3, 7, 0

vb1[564]+000 BLENDWEIGHT: 0.705574632, 0.212830275, 0.0815951154, 0
vb1[564]+016 BLENDINDICES: 5, 7, 3, 0

vb1[565]+000 BLENDWEIGHT: 0.665106893, 0.305907488, 0.0289856344, 0
vb1[565]+016 BLENDINDICES: 5, 7, 3, 0

vb1[566]+000 BLENDWEIGHT: 0.588654816, 0.400496364, 0.0108488342, 0
vb1[566]+016 BLENDINDICES: 5, 7, 3, 0

vb1[567]+000 BLENDWEIGHT: 0.513529599, 0.486470401, 0, 0
vb1[567]+016 BLENDINDICES: 7, 5, 0, 0

vb1[568]+000 BLENDWEIGHT: 0.616614044, 0.383385956, 0, 0
vb1[568]+016 BLENDINDICES: 7, 5, 0, 0

vb1[569]+000 BLENDWEIGHT: 0.6203596, 0.3796404, 0, 0
vb1[569]+016 BLENDINDICES: 7, 5, 0, 0

vb1[570]+000 BLENDWEIGHT: 0.721377969, 0.278622001, 0, 0
vb1[570]+016 BLENDINDICES: 7, 5, 0, 0

vb1[571]+000 BLENDWEIGHT: 0.737189353, 0.262810647, 0, 0
vb1[571]+016 BLENDINDICES: 7, 5, 0, 0

vb1[572]+000 BLENDWEIGHT: 0.68405056, 0.31594947, 0, 0
vb1[572]+016 BLENDINDICES: 7, 5, 0, 0

vb1[573]+000 BLENDWEIGHT: 0.748934031, 0.251065969, 0, 0
vb1[573]+016 BLENDINDICES: 7, 5, 0, 0

vb1[574]+000 BLENDWEIGHT: 0.796730042, 0.203269958, 0, 0
vb1[574]+016 BLENDINDICES: 7, 5, 0, 0

vb1[575]+000 BLENDWEIGHT: 0.807199895, 0.192800134, 0, 0
vb1[575]+016 BLENDINDICES: 7, 5, 0, 0

vb1[576]+000 BLENDWEIGHT: 0.606614053, 0.393385947, 0, 0
vb1[576]+016 BLENDINDICES: 7, 5, 0, 0

vb1[577]+000 BLENDWEIGHT: 0.620147884, 0.379852116, 0, 0
vb1[577]+016 BLENDINDICES: 7, 5, 0, 0

vb1[578]+000 BLENDWEIGHT: 0.741378009, 0.258621991, 0, 0
vb1[578]+016 BLENDINDICES: 7, 5, 0, 0

vb1[579]+000 BLENDWEIGHT: 0.616614044, 0.383385956, 0, 0
vb1[579]+016 BLENDINDICES: 7, 5, 0, 0

vb1[580]+000 BLENDWEIGHT: 0.721377969, 0.278622001, 0, 0
vb1[580]+016 BLENDINDICES: 7, 5, 0, 0

vb1[581]+000 BLENDWEIGHT: 0.839749932, 0.160250083, 0, 0
vb1[581]+016 BLENDINDICES: 7, 5, 0, 0

vb1[582]+000 BLENDWEIGHT: 0.872472525, 0.12752746, 0, 0
vb1[582]+016 BLENDINDICES: 7, 5, 0, 0

vb1[583]+000 BLENDWEIGHT: 0.898057401, 0.101942614, 0, 0
vb1[583]+016 BLENDINDICES: 7, 5, 0, 0

vb1[584]+000 BLENDWEIGHT: 0.825003207, 0.174996778, 0, 0
vb1[584]+016 BLENDINDICES: 7, 5, 0, 0

vb1[585]+000 BLENDWEIGHT: 0.898364067, 0.101635925, 0, 0
vb1[585]+016 BLENDINDICES: 7, 5, 0, 0

vb1[586]+000 BLENDWEIGHT: 0.955799997, 0.0441999771, 0, 0
vb1[586]+016 BLENDINDICES: 7, 5, 0, 0

vb1[587]+000 BLENDWEIGHT: 0.963479459, 0.0365205295, 0, 0
vb1[587]+016 BLENDINDICES: 7, 5, 0, 0

vb1[588]+000 BLENDWEIGHT: 0.985432804, 0.0145671964, 0, 0
vb1[588]+016 BLENDINDICES: 7, 5, 0, 0

vb1[589]+000 BLENDWEIGHT: 1, 0, 0, 0
vb1[589]+016 BLENDINDICES: 7, 0, 0, 0

vb1[590]+000 BLENDWEIGHT: 0.981028199, 0.0189717878, 0, 0
vb1[590]+016 BLENDINDICES: 7, 5, 0, 0

vb1[591]+000 BLENDWEIGHT: 1, 0, 0, 0
vb1[591]+016 BLENDINDICES: 7, 0, 0, 0

vb1[592]+000 BLENDWEIGHT: 1, 0, 0, 0
vb1[592]+016 BLENDINDICES: 7, 0, 0, 0

vb1[593]+000 BLENDWEIGHT: 1, 0, 0, 0
vb1[593]+016 BLENDINDICES: 7, 0, 0, 0

vb1[594]+000 BLENDWEIGHT: 1, 0, 0, 0
vb1[594]+016 BLENDINDICES: 7, 0, 0, 0

vb1[595]+000 BLENDWEIGHT: 1, 0, 0, 0
vb1[595]+016 BLENDINDICES: 7, 0, 0, 0

vb1[596]+000 BLENDWEIGHT: 1, 0, 0, 0
vb1[596]+016 BLENDINDICES: 7, 0, 0, 0

vb1[597]+000 BLENDWEIGHT: 0.960467696, 0.0395323001, 0, 0
vb1[597]+016 BLENDINDICES: 7, 5, 0, 0

vb1[598]+000 BLENDWEIGHT: 0.967718661, 0.0322813392, 0, 0
vb1[598]+016 BLENDINDICES: 7, 5, 0, 0

vb1[599]+000 BLENDWEIGHT: 0.956932485, 0.0430675149, 0, 0
vb1[599]+016 BLENDINDICES: 7, 5, 0, 0

vb1[600]+000 BLENDWEIGHT: 0.928949058, 0.0710509345, 0, 0
vb1[600]+016 BLENDINDICES: 7, 5, 0, 0

vb1[601]+000 BLENDWEIGHT: 0.924820364, 0.0751796439, 0, 0
vb1[601]+016 BLENDINDICES: 7, 5, 0, 0

vb1[602]+000 BLENDWEIGHT: 0.865436673, 0.134563312, 0, 0
vb1[602]+016 BLENDINDICES: 7, 5, 0, 0

vb1[603]+000 BLENDWEIGHT: 0.489980429, 0.471892178, 0.0381273925, 0
vb1[603]+016 BLENDINDICES: 3, 32, 5, 0

vb1[604]+000 BLENDWEIGHT: 0.489980429, 0.471892178, 0.0381273925, 0
vb1[604]+016 BLENDINDICES: 3, 32, 5, 0

vb1[605]+000 BLENDWEIGHT: 0.489980429, 0.471892178, 0.0381273925, 0
vb1[605]+016 BLENDINDICES: 3, 32, 5, 0

vb1[606]+000 BLENDWEIGHT: 0.513529599, 0.486470401, 0, 0
vb1[606]+016 BLENDINDICES: 7, 5, 0, 0

vb1[607]+000 BLENDWEIGHT: 0.588654816, 0.400496364, 0.0108488342, 0
vb1[607]+016 BLENDINDICES: 5, 7, 3, 0

vb1[608]+000 BLENDWEIGHT: 0.588654816, 0.400496364, 0.0108488342, 0
vb1[608]+016 BLENDINDICES: 5, 7, 3, 0

vb1[609]+000 BLENDWEIGHT: 0.665106893, 0.305907488, 0.0289856344, 0
vb1[609]+016 BLENDINDICES: 5, 7, 3, 0

vb1[610]+000 BLENDWEIGHT: 0.513529599, 0.486470401, 0, 0
vb1[610]+016 BLENDINDICES: 7, 5, 0, 0

vb1[611]+000 BLENDWEIGHT: 0.670000017, 0.261960894, 0.0680390745, 0
vb1[611]+016 BLENDINDICES: 5, 3, 7, 0

vb1[612]+000 BLENDWEIGHT: 0.596747756, 0.383974522, 0.019277731, 0
vb1[612]+016 BLENDINDICES: 5, 3, 7, 0

vb1[613]+000 BLENDWEIGHT: 0.902465045, 0.0975349694, 0, 0
vb1[613]+016 BLENDINDICES: 22, 28, 0, 0
