stride: 60
first vertex: 515
vertex count: 80
topology: trianglelist
element[0]:
  SemanticName: POSITION
  SemanticIndex: 0
  Format: R32G32B32_FLOAT
  InputSlot: 0
  AlignedByteOffset: 0
  InputSlotClass: per-vertex
  InstanceDataStepRate: 0
element[1]:
  SemanticName: NORMAL
  SemanticIndex: 0
  Format: R8G8B8A8_UNORM
  InputSlot: 0
  AlignedByteOffset: 0
  InputSlotClass: per-vertex
  InstanceDataStepRate: 0
element[2]:
  SemanticName: COLOR
  SemanticIndex: 0
  Format: R8G8B8A8_UNORM
  InputSlot: 0
  AlignedByteOffset: 24
  InputSlotClass: per-vertex
  InstanceDataStepRate: 0
element[3]:
  SemanticName: TEXCOORD
  SemanticIndex: 0
  Format: R32G32B32A32_FLOAT
  InputSlot: 0
  AlignedByteOffset: 28
  InputSlotClass: per-vertex
  InstanceDataStepRate: 0
element[4]:
  SemanticName: TEXCOORD
  SemanticIndex: 1
  Format: R32G32B32A32_FLOAT
  InputSlot: 0
  AlignedByteOffset: 44
  InputSlotClass: per-vertex
  InstanceDataStepRate: 0
element[5]:
  SemanticName: TEXCOORD
  SemanticIndex: 2
  Format: R8G8B8A8_UNORM
  InputSlot: 0
  AlignedByteOffset: 0
  InputSlotClass: per-vertex
  InstanceDataStepRate: 0
element[6]:
  SemanticName: TEXCOORD
  SemanticIndex: 3
  Format: R8G8B8A8_UNORM
  InputSlot: 0
  AlignedByteOffset: 0
  InputSlotClass: per-vertex
  InstanceDataStepRate: 0
element[7]:
  SemanticName: TANGENT
  SemanticIndex: 0
  Format: R8G8B8A8_UNORM
  InputSlot: 0
  AlignedByteOffset: 0
  InputSlotClass: per-vertex
  InstanceDataStepRate: 0

vertex-data:

vb0[0]+000 POSITION: -4689.73975, 1712.89966, -2247.0752
vb0[0]+000 NORMAL: 0.921568632, 0.552941203, 0.572549045, 0.772549033
vb0[0]+024 COLOR: 1, 1, 0.0980392173, 0.0980392173
vb0[0]+028 TEXCOORD: 1.00000012, 1.00000012, 1.00000012, 1.00000012
vb0[0]+044 TEXCOORD1: 108.925774, 15.7507658, 0.400000006, 0.600000024
vb0[0]+000 TEXCOORD2: 0.921568632, 0.552941203, 0.572549045, 0.772549033
vb0[0]+000 TEXCOORD3: 0.921568632, 0.552941203, 0.572549045, 0.772549033
vb0[0]+000 TANGENT: 0.921568632, 0.552941203, 0.572549045, 0.772549033

vb0[1]+000 POSITION: -4689.73975, 257.062531, -2247.0752
vb0[1]+000 NORMAL: 0.921568632, 0.552941203, 0.572549045, 0.772549033
vb0[1]+024 COLOR: 1, 1, 0.0980392173, 0.0980392173
vb0[1]+028 TEXCOORD: 1.00000012, 0, 1.00000012, 0
vb0[1]+044 TEXCOORD1: 108.925774, 15.7507658, 0.400000006, 0.600000024
vb0[1]+000 TEXCOORD2: 0.921568632, 0.552941203, 0.572549045, 0.772549033
vb0[1]+000 TEXCOORD3: 0.921568632, 0.552941203, 0.572549045, 0.772549033
vb0[1]+000 TANGENT: 0.921568632, 0.552941203, 0.572549045, 0.772549033

vb0[2]+000 POSITION: -5166.38232, 257.062531, 625.320801
vb0[2]+000 NORMAL: 0.0588235296, 0.450980395, 0.631372571, 0.772549033
vb0[2]+024 COLOR: 1, 1, 0.0980392173, 0.0980392173
vb0[2]+028 TEXCOORD: 0, 0, 0, 0
vb0[2]+044 TEXCOORD1: 108.925774, 15.7507658, 0.400000006, 0.600000024
vb0[2]+000 TEXCOORD2: 0.0588235296, 0.450980395, 0.631372571, 0.772549033
vb0[2]+000 TEXCOORD3: 0.0588235296, 0.450980395, 0.631372571, 0.772549033
vb0[2]+000 TANGENT: 0.0588235296, 0.450980395, 0.631372571, 0.772549033

vb0[3]+000 POSITION: -5166.38232, 1712.89966, 625.320801
vb0[3]+000 NORMAL: 0.0588235296, 0.450980395, 0.631372571, 0.772549033
vb0[3]+024 COLOR: 1, 1, 0.0980392173, 0.0980392173
vb0[3]+028 TEXCOORD: 0, 1.00000012, 0, 1.00000012
vb0[3]+044 TEXCOORD1: 108.925774, 15.7507658, 0.400000006, 0.600000024
vb0[3]+000 TEXCOORD2: 0.0588235296, 0.450980395, 0.631372571, 0.772549033
vb0[3]+000 TEXCOORD3: 0.0588235296, 0.450980395, 0.631372571, 0.772549033
vb0[3]+000 TANGENT: 0.0588235296, 0.450980395, 0.631372571, 0.772549033

vb0[4]+000 POSITION: -3308.97314, 1996.45313, -4121.28516
vb0[4]+000 NORMAL: 0.572549045, 0.811764717, 0.305882365, 0.772549033
vb0[4]+024 COLOR: 1, 0.854901969, 0.0980392173, 0.0980392173
vb0[4]+028 TEXCOORD: 1.00000012, 1.00000012, 1.00000012, 1.00000012
vb0[4]+044 TEXCOORD1: 108.925774, 52.8012657, 0.400000006, 0.600000024
vb0[4]+000 TEXCOORD2: 0.572549045, 0.811764717, 0.305882365, 0.772549033
vb0[4]+000 TEXCOORD3: 0.572549045, 0.811764717, 0.305882365, 0.772549033
vb0[4]+000 TANGENT: 0.572549045, 0.811764717, 0.305882365, 0.772549033

vb0[5]+000 POSITION: -3308.97314, 257.062531, -4121.28516
vb0[5]+000 NORMAL: 0.572549045, 0.811764717, 0.305882365, 0.772549033
vb0[5]+024 COLOR: 1, 0.854901969, 0.0980392173, 0.0980392173
vb0[5]+028 TEXCOORD: 1.00000012, 0, 1.00000012, 0
vb0[5]+044 TEXCOORD1: 108.925774, 52.8012657, 0.400000006, 0.600000024
vb0[5]+000 TEXCOORD2: 0.572549045, 0.811764717, 0.305882365, 0.772549033
vb0[5]+000 TEXCOORD3: 0.572549045, 0.811764717, 0.305882365, 0.772549033
vb0[5]+000 TANGENT: 0.572549045, 0.811764717, 0.305882365, 0.772549033

vb0[6]+000 POSITION: -5156.11572, 257.062531, -1173.40747
vb0[6]+000 NORMAL: 0.929411769, 0.125490203, 0.631372571, 0.772549033
vb0[6]+024 COLOR: 1, 0.854901969, 0.0980392173, 0.0980392173
vb0[6]+028 TEXCOORD: 0, 0, 0, 0
vb0[6]+044 TEXCOORD1: 108.925774, 52.8012657, 0.400000006, 0.600000024
vb0[6]+000 TEXCOORD2: 0.929411769, 0.125490203, 0.631372571, 0.772549033
vb0[6]+000 TEXCOORD3: 0.929411769, 0.125490203, 0.631372571, 0.772549033
vb0[6]+000 TANGENT: 0.929411769, 0.125490203, 0.631372571, 0.772549033

vb0[7]+000 POSITION: -5156.11572, 1996.45313, -1173.40747
vb0[7]+000 NORMAL: 0.929411769, 0.125490203, 0.631372571, 0.772549033
vb0[7]+024 COLOR: 1, 0.854901969, 0.0980392173, 0.0980392173
vb0[7]+028 TEXCOORD: 0, 1.00000012, 0, 1.00000012
vb0[7]+044 TEXCOORD1: 108.925774, 52.8012657, 0.400000006, 0.600000024
vb0[7]+000 TEXCOORD2: 0.929411769, 0.125490203, 0.631372571, 0.772549033
vb0[7]+000 TEXCOORD3: 0.929411769, 0.125490203, 0.631372571, 0.772549033
vb0[7]+000 TANGENT: 0.929411769, 0.125490203, 0.631372571, 0.772549033

vb0[8]+000 POSITION: -2752.4563, 1364.33252, -4308.06787
vb0[8]+000 NORMAL: 0.301960796, 0.0274509806, 0.172549024, 0.772549033
vb0[8]+024 COLOR: 1, 0.713725507, 0.0980392173, 0.0980392173
vb0[8]+028 TEXCOORD: 1.00000012, 1.00000012, 1.00000012, 1.00000012
vb0[8]+044 TEXCOORD1: 108.925774, 4.20853901, 0.400000006, 0.600000024
vb0[8]+000 TEXCOORD2: 0.301960796, 0.0274509806, 0.172549024, 0.772549033
vb0[8]+000 TEXCOORD3: 0.301960796, 0.0274509806, 0.172549024, 0.772549033
vb0[8]+000 TANGENT: 0.301960796, 0.0274509806, 0.172549024, 0.772549033

vb0[9]+000 POSITION: -2752.4563, 257.062531, -4308.06787
vb0[9]+000 NORMAL: 0.301960796, 0.0274509806, 0.172549024, 0.772549033
vb0[9]+024 COLOR: 1, 0.713725507, 0.0980392173, 0.0980392173
vb0[9]+028 TEXCOORD: 1.00000012, 0, 1.00000012, 0
vb0[9]+044 TEXCOORD1: 108.925774, 4.20853901, 0.400000006, 0.600000024
vb0[9]+000 TEXCOORD2: 0.301960796, 0.0274509806, 0.172549024, 0.772549033
vb0[9]+000 TEXCOORD3: 0.301960796, 0.0274509806, 0.172549024, 0.772549033
vb0[9]+000 TANGENT: 0.301960796, 0.0274509806, 0.172549024, 0.772549033

vb0[10]+000 POSITION: -4316.7666, 257.062531, -2740.54736
vb0[10]+000 NORMAL: 0.13333334, 0.90196079, 0.525490224, 0.772549033
vb0[10]+024 COLOR: 1, 0.713725507, 0.0980392173, 0.0980392173
vb0[10]+028 TEXCOORD: 0, 0, 0, 0
vb0[10]+044 TEXCOORD1: 108.925774, 4.20853901, 0.400000006, 0.600000024
vb0[10]+000 TEXCOORD2: 0.13333334, 0.90196079, 0.525490224, 0.772549033
vb0[10]+000 TEXCOORD3: 0.13333334, 0.90196079, 0.525490224, 0.772549033
vb0[10]+000 TANGENT: 0.13333334, 0.90196079, 0.525490224, 0.772549033

vb0[11]+000 POSITION: -4316.7666, 1364.33252, -2740.54736
vb0[11]+000 NORMAL: 0.13333334, 0.90196079, 0.525490224, 0.772549033
vb0[11]+024 COLOR: 1, 0.713725507, 0.0980392173, 0.0980392173
vb0[11]+028 TEXCOORD: 0, 1.00000012, 0, 1.00000012
vb0[11]+044 TEXCOORD1: 108.925774, 4.20853901, 0.400000006, 0.600000024
vb0[11]+000 TEXCOORD2: 0.13333334, 0.90196079, 0.525490224, 0.772549033
vb0[11]+000 TEXCOORD3: 0.13333334, 0.90196079, 0.525490224, 0.772549033
vb0[11]+000 TANGENT: 0.13333334, 0.90196079, 0.525490224, 0.772549033

vb0[12]+000 POSITION: -703.354614, 1532.54358, -5103.79639
vb0[12]+000 NORMAL: 0.698039234, 0.839215696, 0.184313729, 0.768627465
vb0[12]+024 COLOR: 1, 0.282352954, 0.0980392173, 0.0980392173
vb0[12]+028 TEXCOORD: 1.00000012, 1.00000012, 1.00000012, 1.00000012
vb0[12]+044 TEXCOORD1: 108.925774, 67.0243759, 0.400000006, 0.600000024
vb0[12]+000 TEXCOORD2: 0.698039234, 0.839215696, 0.184313729, 0.768627465
vb0[12]+000 TEXCOORD3: 0.698039234, 0.839215696, 0.184313729, 0.768627465
vb0[12]+000 TANGENT: 0.698039234, 0.839215696, 0.184313729, 0.768627465

vb0[13]+000 POSITION: -703.354614, 257.062531, -5103.79639
vb0[13]+000 NORMAL: 0.698039234, 0.839215696, 0.184313729, 0.768627465
vb0[13]+024 COLOR: 1, 0.282352954, 0.0980392173, 0.0980392173
vb0[13]+028 TEXCOORD: 1.00000012, 0, 1.00000012, 0
vb0[13]+044 TEXCOORD1: 108.925774, 67.0243759, 0.400000006, 0.600000024
vb0[13]+000 TEXCOORD2: 0.698039234, 0.839215696, 0.184313729, 0.768627465
vb0[13]+000 TEXCOORD3: 0.698039234, 0.839215696, 0.184313729, 0.768627465
vb0[13]+000 TANGENT: 0.698039234, 0.839215696, 0.184313729, 0.768627465

vb0[14]+000 POSITION: -3065.28662, 257.062531, -4140.11279
vb0[14]+000 NORMAL: 0.588235319, 0.580392182, 0.247058824, 0.772549033
vb0[14]+024 COLOR: 1, 0.282352954, 0.0980392173, 0.0980392173
vb0[14]+028 TEXCOORD: 0, 0, 0, 0
vb0[14]+044 TEXCOORD1: 108.925774, 67.0243759, 0.400000006, 0.600000024
vb0[14]+000 TEXCOORD2: 0.588235319, 0.580392182, 0.247058824, 0.772549033
vb0[14]+000 TEXCOORD3: 0.588235319, 0.580392182, 0.247058824, 0.772549033
vb0[14]+000 TANGENT: 0.588235319, 0.580392182, 0.247058824, 0.772549033

vb0[15]+000 POSITION: -3065.28662, 1532.54358, -4140.11279
vb0[15]+000 NORMAL: 0.588235319, 0.580392182, 0.247058824, 0.772549033
vb0[15]+024 COLOR: 1, 0.282352954, 0.0980392173, 0.0980392173
vb0[15]+028 TEXCOORD: 0, 1.00000012, 0, 1.00000012
vb0[15]+044 TEXCOORD1: 108.925774, 67.0243759, 0.400000006, 0.600000024
vb0[15]+000 TEXCOORD2: 0.588235319, 0.580392182, 0.247058824, 0.772549033
vb0[15]+000 TEXCOORD3: 0.588235319, 0.580392182, 0.247058824, 0.772549033
vb0[15]+000 TANGENT: 0.588235319, 0.580392182, 0.247058824, 0.772549033

vb0[16]+000 POSITION: 720.877136, 1475.64575, -5088.63965
vb0[16]+000 NORMAL: 0.137254909, 0.219607845, 0.203921571, 0.266666681
vb0[16]+024 COLOR: 1, 0.141176477, 0.0980392173, 0.0980392173
vb0[16]+028 TEXCOORD: 1.00000012, 1.00000012, 1.00000012, 1.00000012
vb0[16]+044 TEXCOORD1: 108.925774, 103.104286, 0.400000006, 0.600000024
vb0[16]+000 TEXCOORD2: 0.137254909, 0.219607845, 0.203921571, 0.266666681
vb0[16]+000 TEXCOORD3: 0.137254909, 0.219607845, 0.203921571, 0.266666681
vb0[16]+000 TANGENT: 0.137254909, 0.219607845, 0.203921571, 0.266666681

vb0[17]+000 POSITION: 720.877136, 257.062531, -5088.63965
vb0[17]+000 NORMAL: 0.137254909, 0.219607845, 0.203921571, 0.266666681
vb0[17]+024 COLOR: 1, 0.141176477, 0.0980392173, 0.0980392173
vb0[17]+028 TEXCOORD: 1.00000012, 0, 1.00000012, 0
vb0[17]+044 TEXCOORD1: 108.925774, 103.104286, 0.400000006, 0.600000024
vb0[17]+000 TEXCOORD2: 0.137254909, 0.219607845, 0.203921571, 0.266666681
vb0[17]+000 TEXCOORD3: 0.137254909, 0.219607845, 0.203921571, 0.266666681
vb0[17]+000 TANGENT: 0.137254909, 0.219607845, 0.203921571, 0.266666681

vb0[18]+000 POSITION: -1704.25488, 257.062531, -4846.74023
vb0[18]+000 NORMAL: 0.156862751, 0.0313725509, 0.835294127, 0.768627465
vb0[18]+024 COLOR: 1, 0.141176477, 0.0980392173, 0.0980392173
vb0[18]+028 TEXCOORD: 0, 0, 0, 0
vb0[18]+044 TEXCOORD1: 108.925774, 103.104286, 0.400000006, 0.600000024
vb0[18]+000 TEXCOORD2: 0.156862751, 0.0313725509, 0.835294127, 0.768627465
vb0[18]+000 TEXCOORD3: 0.156862751, 0.0313725509, 0.835294127, 0.768627465
vb0[18]+000 TANGENT: 0.156862751, 0.0313725509, 0.835294127, 0.768627465

vb0[19]+000 POSITION: -1704.25488, 1475.64575, -4846.74023
vb0[19]+000 NORMAL: 0.156862751, 0.0313725509, 0.835294127, 0.768627465
vb0[19]+024 COLOR: 1, 0.141176477, 0.0980392173, 0.0980392173
vb0[19]+028 TEXCOORD: 0, 1.00000012, 0, 1.00000012
vb0[19]+044 TEXCOORD1: 108.925774, 103.104286, 0.400000006, 0.600000024
vb0[19]+000 TEXCOORD2: 0.156862751, 0.0313725509, 0.835294127, 0.768627465
vb0[19]+000 TEXCOORD3: 0.156862751, 0.0313725509, 0.835294127, 0.768627465
vb0[19]+000 TANGENT: 0.156862751, 0.0313725509, 0.835294127, 0.768627465

vb0[20]+000 POSITION: 2091.74707, 1627.14075, -4738.20996
vb0[20]+000 NORMAL: 0.956862748, 0.733333349, 0.00784313772, 0.270588249
vb0[20]+024 COLOR: 1, 0, 0.0980392173, 0.0980392173
vb0[20]+028 TEXCOORD: 1.00000012, 1.00000012, 1.00000012, 1.00000012
vb0[20]+044 TEXCOORD1: 108.925774, 29.0881653, 0.400000006, 0.600000024
vb0[20]+000 TEXCOORD2: 0.956862748, 0.733333349, 0.00784313772, 0.270588249
vb0[20]+000 TEXCOORD3: 0.956862748, 0.733333349, 0.00784313772, 0.270588249
vb0[20]+000 TANGENT: 0.956862748, 0.733333349, 0.00784313772, 0.270588249

vb0[21]+000 POSITION: 2091.74707, 257.062531, -4738.20996
vb0[21]+000 NORMAL: 0.956862748, 0.733333349, 0.00784313772, 0.270588249
vb0[21]+024 COLOR: 1, 0, 0.0980392173, 0.0980392173
vb0[21]+028 TEXCOORD: 1.00000012, 0, 1.00000012, 0
vb0[21]+044 TEXCOORD1: 108.925774, 29.0881653, 0.400000006, 0.600000024
vb0[21]+000 TEXCOORD2: 0.956862748, 0.733333349, 0.00784313772, 0.270588249
vb0[21]+000 TEXCOORD3: 0.956862748, 0.733333349, 0.00784313772, 0.270588249
vb0[21]+000 TANGENT: 0.956862748, 0.733333349, 0.00784313772, 0.270588249

vb0[22]+000 POSITION: -618.901855, 257.062531, -5139.26172
vb0[22]+000 NORMAL: 0.721568644, 0.725490212, 0.101960786, 0.768627465
vb0[22]+024 COLOR: 1, 0, 0.0980392173, 0.0980392173
vb0[22]+028 TEXCOORD: 0, 0, 0, 0
vb0[22]+044 TEXCOORD1: 108.925774, 29.0881653, 0.400000006, 0.600000024
vb0[22]+000 TEXCOORD2: 0.721568644, 0.725490212, 0.101960786, 0.768627465
vb0[22]+000 TEXCOORD3: 0.721568644, 0.725490212, 0.101960786, 0.768627465
vb0[22]+000 TANGENT: 0.721568644, 0.725490212, 0.101960786, 0.768627465

vb0[23]+000 POSITION: -618.901855, 1627.14075, -5139.26172
vb0[23]+000 NORMAL: 0.721568644, 0.725490212, 0.101960786, 0.768627465
vb0[23]+024 COLOR: 1, 0, 0.0980392173, 0.0980392173
vb0[23]+028 TEXCOORD: 0, 1.00000012, 0, 1.00000012
vb0[23]+044 TEXCOORD1: 108.925774, 29.0881653, 0.400000006, 0.600000024
vb0[23]+000 TEXCOORD2: 0.721568644, 0.725490212, 0.101960786, 0.768627465
vb0[23]+000 TEXCOORD3: 0.721568644, 0.725490212, 0.101960786, 0.768627465
vb0[23]+000 TANGENT: 0.721568644, 0.725490212, 0.101960786, 0.768627465

vb0[24]+000 POSITION: 3818.31885, 1631.12305, -3505.93896
vb0[24]+000 NORMAL: 0.101960786, 0.647058845, 0.431372553, 0.270588249
vb0[24]+024 COLOR: 1, 0.568627477, 0.0980392173, 0.0980392173
vb0[24]+028 TEXCOORD: 1.00000012, 1.00000012, 1.00000012, 1.00000012
vb0[24]+044 TEXCOORD1: 108.925774, 49.862751, 0.400000006, 0.600000024
vb0[24]+000 TEXCOORD2: 0.101960786, 0.647058845, 0.431372553, 0.270588249
vb0[24]+000 TEXCOORD3: 0.101960786, 0.647058845, 0.431372553, 0.270588249
vb0[24]+000 TANGENT: 0.101960786, 0.647058845, 0.431372553, 0.270588249

vb0[25]+000 POSITION: 3818.31885, 257.062531, -3505.93896
vb0[25]+000 NORMAL: 0.101960786, 0.647058845, 0.431372553, 0.270588249
vb0[25]+024 COLOR: 1, 0.568627477, 0.0980392173, 0.0980392173
vb0[25]+028 TEXCOORD: 1.00000012, 0, 1.00000012, 0
vb0[25]+044 TEXCOORD1: 108.925774, 49.862751, 0.400000006, 0.600000024
vb0[25]+000 TEXCOORD2: 0.101960786, 0.647058845, 0.431372553, 0.270588249
vb0[25]+000 TEXCOORD3: 0.101960786, 0.647058845, 0.431372553, 0.270588249
vb0[25]+000 TANGENT: 0.101960786, 0.647058845, 0.431372553, 0.270588249

vb0[26]+000 POSITION: 1487.27197, 257.062531, -4961.40771
vb0[26]+000 NORMAL: 0.70588237, 0.909803927, 0.725490212, 0.266666681
vb0[26]+024 COLOR: 1, 0.568627477, 0.0980392173, 0.0980392173
vb0[26]+028 TEXCOORD: 0, 0, 0, 0
vb0[26]+044 TEXCOORD1: 108.925774, 49.862751, 0.400000006, 0.600000024
vb0[26]+000 TEXCOORD2: 0.70588237, 0.909803927, 0.725490212, 0.266666681
vb0[26]+000 TEXCOORD3: 0.70588237, 0.909803927, 0.725490212, 0.266666681
vb0[26]+000 TANGENT: 0.70588237, 0.909803927, 0.725490212, 0.266666681

vb0[27]+000 POSITION: 1487.27197, 1631.12305, -4961.40771
vb0[27]+000 NORMAL: 0.70588237, 0.909803927, 0.725490212, 0.266666681
vb0[27]+024 COLOR: 1, 0.568627477, 0.0980392173, 0.0980392173
vb0[27]+028 TEXCOORD: 0, 1.00000012, 0, 1.00000012
vb0[27]+044 TEXCOORD1: 108.925774, 49.862751, 0.400000006, 0.600000024
vb0[27]+000 TEXCOORD2: 0.70588237, 0.909803927, 0.725490212, 0.266666681
vb0[27]+000 TEXCOORD3: 0.70588237, 0.909803927, 0.725490212, 0.266666681
vb0[27]+000 TANGENT: 0.70588237, 0.909803927, 0.725490212, 0.266666681

vb0[28]+000 POSITION: 4686.34131, 1647.771, -2232.09253
vb0[28]+000 NORMAL: 0.733333349, 0.447058827, 0.572549045, 0.270588249
vb0[28]+024 COLOR: 1, 0, 0.0980392173, 0.0980392173
vb0[28]+028 TEXCOORD: 1.00000012, 1.00000012, 1.00000012, 1.00000012
vb0[28]+044 TEXCOORD1: 108.925774, 59.477314, 0.400000006, 0.600000024
vb0[28]+000 TEXCOORD2: 0.733333349, 0.447058827, 0.572549045, 0.270588249
vb0[28]+000 TEXCOORD3: 0.733333349, 0.447058827, 0.572549045, 0.270588249
vb0[28]+000 TANGENT: 0.733333349, 0.447058827, 0.572549045, 0.270588249

vb0[29]+000 POSITION: 4686.34131, 257.062531, -2232.09253
vb0[29]+000 NORMAL: 0.733333349, 0.447058827, 0.572549045, 0.270588249
vb0[29]+024 COLOR: 1, 0, 0.0980392173, 0.0980392173
vb0[29]+028 TEXCOORD: 1.00000012, 0, 1.00000012, 0
vb0[29]+044 TEXCOORD1: 108.925774, 59.477314, 0.400000006, 0.600000024
vb0[29]+000 TEXCOORD2: 0.733333349, 0.447058827, 0.572549045, 0.270588249
vb0[29]+000 TEXCOORD3: 0.733333349, 0.447058827, 0.572549045, 0.270588249
vb0[29]+000 TANGENT: 0.733333349, 0.447058827, 0.572549045, 0.270588249

vb0[30]+000 POSITION: 2857.56396, 257.062531, -4327.76758
vb0[30]+000 NORMAL: 0.0235294122, 0.600000024, 0.196078435, 0.270588249
vb0[30]+024 COLOR: 1, 0, 0.0980392173, 0.0980392173
vb0[30]+028 TEXCOORD: 0, 0, 0, 0
vb0[30]+044 TEXCOORD1: 108.925774, 59.477314, 0.400000006, 0.600000024
vb0[30]+000 TEXCOORD2: 0.0235294122, 0.600000024, 0.196078435, 0.270588249
vb0[30]+000 TEXCOORD3: 0.0235294122, 0.600000024, 0.196078435, 0.270588249
vb0[30]+000 TANGENT: 0.0235294122, 0.600000024, 0.196078435, 0.270588249

vb0[31]+000 POSITION: 2857.56396, 1647.771, -4327.76758
vb0[31]+000 NORMAL: 0.0235294122, 0.600000024, 0.196078435, 0.270588249
vb0[31]+024 COLOR: 1, 0, 0.0980392173, 0.0980392173
vb0[31]+028 TEXCOORD: 0, 1.00000012, 0, 1.00000012
vb0[31]+044 TEXCOORD1: 108.925774, 59.477314, 0.400000006, 0.600000024
vb0[31]+000 TEXCOORD2: 0.0235294122, 0.600000024, 0.196078435, 0.270588249
vb0[31]+000 TEXCOORD3: 0.0235294122, 0.600000024, 0.196078435, 0.270588249
vb0[31]+000 TANGENT: 0.0235294122, 0.600000024, 0.196078435, 0.270588249

vb0[32]+000 POSITION: 5031.67578, 1508.05066, -1130.25928
vb0[32]+000 NORMAL: 0.407843143, 0.239215687, 0.615686297, 0.270588249
vb0[32]+024 COLOR: 1, 0.713725507, 0.0980392173, 0.0980392173
vb0[32]+028 TEXCOORD: 1.00000012, 1.00000012, 1.00000012, 1.00000012
vb0[32]+044 TEXCOORD1: 108.925774, 85.0208054, 0.400000006, 0.600000024
vb0[32]+000 TEXCOORD2: 0.407843143, 0.239215687, 0.615686297, 0.270588249
vb0[32]+000 TEXCOORD3: 0.407843143, 0.239215687, 0.615686297, 0.270588249
vb0[32]+000 TANGENT: 0.407843143, 0.239215687, 0.615686297, 0.270588249

vb0[33]+000 POSITION: 5031.67578, 257.062531, -1130.25928
vb0[33]+000 NORMAL: 0.407843143, 0.239215687, 0.615686297, 0.270588249
vb0[33]+024 COLOR: 1, 0.713725507, 0.0980392173, 0.0980392173
vb0[33]+028 TEXCOORD: 1.00000012, 0, 1.00000012, 0
vb0[33]+044 TEXCOORD1: 108.925774, 85.0208054, 0.400000006, 0.600000024
vb0[33]+000 TEXCOORD2: 0.407843143, 0.239215687, 0.615686297, 0.270588249
vb0[33]+000 TEXCOORD3: 0.407843143, 0.239215687, 0.615686297, 0.270588249
vb0[33]+000 TANGENT: 0.407843143, 0.239215687, 0.615686297, 0.270588249

vb0[34]+000 POSITION: 3903.5647, 257.062531, -3363.47461
vb0[34]+000 NORMAL: 0.0352941193, 0.97647059, 0.450980395, 0.270588249
vb0[34]+024 COLOR: 1, 0.713725507, 0.0980392173, 0.0980392173
vb0[34]+028 TEXCOORD: 0, 0, 0, 0
vb0[34]+044 TEXCOORD1: 108.925774, 85.0208054, 0.400000006, 0.600000024
vb0[34]+000 TEXCOORD2: 0.0352941193, 0.97647059, 0.450980395, 0.270588249
vb0[34]+000 TEXCOORD3: 0.0352941193, 0.97647059, 0.450980395, 0.270588249
vb0[34]+000 TANGENT: 0.0352941193, 0.97647059, 0.450980395, 0.270588249

vb0[35]+000 POSITION: 3903.5647, 1508.05066, -3363.47461
vb0[35]+000 NORMAL: 0.0352941193, 0.97647059, 0.450980395, 0.270588249
vb0[35]+024 COLOR: 1, 0.713725507, 0.0980392173, 0.0980392173
vb0[35]+028 TEXCOORD: 0, 1.00000012, 0, 1.00000012
vb0[35]+044 TEXCOORD1: 108.925774, 85.0208054, 0.400000006, 0.600000024
vb0[35]+000 TEXCOORD2: 0.0352941193, 0.97647059, 0.450980395, 0.270588249
vb0[35]+000 TEXCOORD3: 0.0352941193, 0.97647059, 0.450980395, 0.270588249
vb0[35]+000 TANGENT: 0.0352941193, 0.97647059, 0.450980395, 0.270588249

vb0[36]+000 POSITION: 5127.7666, 1803.75049, 1078.84424
vb0[36]+000 NORMAL: 0.13333334, 0.243137255, 0.627451003, 0.270588249
vb0[36]+024 COLOR: 1, 0.427450985, 0.0980392173, 0.0980392173
vb0[36]+028 TEXCOORD: 1.00000012, 1.00000012, 1.00000012, 1.00000012
vb0[36]+044 TEXCOORD1: 108.925774, 55.5864334, 0.400000006, 0.600000024
vb0[36]+000 TEXCOORD2: 0.13333334, 0.243137255, 0.627451003, 0.270588249
vb0[36]+000 TEXCOORD3: 0.13333334, 0.243137255, 0.627451003, 0.270588249
vb0[36]+000 TANGENT: 0.13333334, 0.243137255, 0.627451003, 0.270588249

vb0[37]+000 POSITION: 5127.7666, 257.062531, 1078.84424
vb0[37]+000 NORMAL: 0.13333334, 0.243137255, 0.627451003, 0.270588249
vb0[37]+024 COLOR: 1, 0.427450985, 0.0980392173, 0.0980392173
vb0[37]+028 TEXCOORD: 1.00000012, 0, 1.00000012, 0
vb0[37]+044 TEXCOORD1: 108.925774, 55.5864334, 0.400000006, 0.600000024
vb0[37]+000 TEXCOORD2: 0.13333334, 0.243137255, 0.627451003, 0.270588249
vb0[37]+000 TEXCOORD3: 0.13333334, 0.243137255, 0.627451003, 0.270588249
vb0[37]+000 TANGENT: 0.13333334, 0.243137255, 0.627451003, 0.270588249

vb0[38]+000 POSITION: 4837.82227, 257.062531, -2000.91309
vb0[38]+000 NORMAL: 0.580392182, 0.180392161, 0.592156887, 0.270588249
vb0[38]+024 COLOR: 1, 0.427450985, 0.0980392173, 0.0980392173
vb0[38]+028 TEXCOORD: 0, 0, 0, 0
vb0[38]+044 TEXCOORD1: 108.925774, 55.5864334, 0.400000006, 0.600000024
vb0[38]+000 TEXCOORD2: 0.580392182, 0.180392161, 0.592156887, 0.270588249
vb0[38]+000 TEXCOORD3: 0.580392182, 0.180392161, 0.592156887, 0.270588249
vb0[38]+000 TANGENT: 0.580392182, 0.180392161, 0.592156887, 0.270588249

vb0[39]+000 POSITION: 4837.82227, 1803.75049, -2000.91309
vb0[39]+000 NORMAL: 0.580392182, 0.180392161, 0.592156887, 0.270588249
vb0[39]+024 COLOR: 1, 0.427450985, 0.0980392173, 0.0980392173
vb0[39]+028 TEXCOORD: 0, 1.00000012, 0, 1.00000012
vb0[39]+044 TEXCOORD1: 108.925774, 55.5864334, 0.400000006, 0.600000024
vb0[39]+000 TEXCOORD2: 0.580392182, 0.180392161, 0.592156887, 0.270588249
vb0[39]+000 TEXCOORD3: 0.580392182, 0.180392161, 0.592156887, 0.270588249
vb0[39]+000 TANGENT: 0.580392182, 0.180392161, 0.592156887, 0.270588249

vb0[40]+000 POSITION: 4615.4541, 1982.32727, 2599.73413
vb0[40]+000 NORMAL: 0.635294139, 0.23137255, 0.564705908, 0.270588249
vb0[40]+024 COLOR: 1, 1, 0.0980392173, 0.0980392173
vb0[40]+028 TEXCOORD: 1.00000012, 1.00000012, 1.00000012, 1.00000012
vb0[40]+044 TEXCOORD1: 108.925774, 36.0332336, 0.400000006, 0.600000024
vb0[40]+000 TEXCOORD2: 0.635294139, 0.23137255, 0.564705908, 0.270588249
vb0[40]+000 TEXCOORD3: 0.635294139, 0.23137255, 0.564705908, 0.270588249
vb0[40]+000 TANGENT: 0.635294139, 0.23137255, 0.564705908, 0.270588249

vb0[41]+000 POSITION: 4615.4541, 257.062531, 2599.73413
vb0[41]+000 NORMAL: 0.635294139, 0.23137255, 0.564705908, 0.270588249
vb0[41]+024 COLOR: 1, 1, 0.0980392173, 0.0980392173
vb0[41]+028 TEXCOORD: 1.00000012, 0, 1.00000012, 0
vb0[41]+044 TEXCOORD1: 108.925774, 36.0332336, 0.400000006, 0.600000024
vb0[41]+000 TEXCOORD2: 0.635294139, 0.23137255, 0.564705908, 0.270588249
vb0[41]+000 TEXCOORD3: 0.635294139, 0.23137255, 0.564705908, 0.270588249
vb0[41]+000 TANGENT: 0.635294139, 0.23137255, 0.564705908, 0.270588249

vb0[42]+000 POSITION: 5232.83984, 257.062531, -795.113342
vb0[42]+000 NORMAL: 0.721568644, 0.525490224, 0.639215708, 0.270588249
vb0[42]+024 COLOR: 1, 1, 0.0980392173, 0.0980392173
vb0[42]+028 TEXCOORD: 0, 0, 0, 0
vb0[42]+044 TEXCOORD1: 108.925774, 36.0332336, 0.400000006, 0.600000024
vb0[42]+000 TEXCOORD2: 0.721568644, 0.525490224, 0.639215708, 0.270588249
vb0[42]+000 TEXCOORD3: 0.721568644, 0.525490224, 0.639215708, 0.270588249
vb0[42]+000 TANGENT: 0.721568644, 0.525490224, 0.639215708, 0.270588249

vb0[43]+000 POSITION: 5232.83984, 1982.32727, -795.113342
vb0[43]+000 NORMAL: 0.721568644, 0.525490224, 0.639215708, 0.270588249
vb0[43]+024 COLOR: 1, 1, 0.0980392173, 0.0980392173
vb0[43]+028 TEXCOORD: 0, 1.00000012, 0, 1.00000012
vb0[43]+044 TEXCOORD1: 108.925774, 36.0332336, 0.400000006, 0.600000024
vb0[43]+000 TEXCOORD2: 0.721568644, 0.525490224, 0.639215708, 0.270588249
vb0[43]+000 TEXCOORD3: 0.721568644, 0.525490224, 0.639215708, 0.270588249
vb0[43]+000 TANGENT: 0.721568644, 0.525490224, 0.639215708, 0.270588249

vb0[44]+000 POSITION: 3862.91431, 1470.37695, 3411.86743
vb0[44]+000 NORMAL: 0.631372571, 0.431372553, 0.443137258, 0.270588249
vb0[44]+024 COLOR: 1, 0.427450985, 0.0980392173, 0.0980392173
vb0[44]+028 TEXCOORD: 1.00000012, 1.00000012, 1.00000012, 1.00000012
vb0[44]+044 TEXCOORD1: 108.925774, 59.6264687, 0.400000006, 0.600000024
vb0[44]+000 TEXCOORD2: 0.631372571, 0.431372553, 0.443137258, 0.270588249
vb0[44]+000 TEXCOORD3: 0.631372571, 0.431372553, 0.443137258, 0.270588249
vb0[44]+000 TANGENT: 0.631372571, 0.431372553, 0.443137258, 0.270588249

vb0[45]+000 POSITION: 3862.91431, 257.062531, 3411.86743
vb0[45]+000 NORMAL: 0.631372571, 0.431372553, 0.443137258, 0.270588249
vb0[45]+024 COLOR: 1, 0.427450985, 0.0980392173, 0.0980392173
vb0[45]+028 TEXCOORD: 1.00000012, 0, 1.00000012, 0
vb0[45]+044 TEXCOORD1: 108.925774, 59.6264687, 0.400000006, 0.600000024
vb0[45]+000 TEXCOORD2: 0.631372571, 0.431372553, 0.443137258, 0.270588249
vb0[45]+000 TEXCOORD3: 0.631372571, 0.431372553, 0.443137258, 0.270588249
vb0[45]+000 TANGENT: 0.631372571, 0.431372553, 0.443137258, 0.270588249

vb0[46]+000 POSITION: 4994.02881, 257.062531, 1264.98413
vb0[46]+000 NORMAL: 0.23137255, 0.0627451017, 0.611764729, 0.270588249
vb0[46]+024 COLOR: 1, 0.427450985, 0.0980392173, 0.0980392173
vb0[46]+028 TEXCOORD: 0, 0, 0, 0
vb0[46]+044 TEXCOORD1: 108.925774, 59.6264687, 0.400000006, 0.600000024
vb0[46]+000 TEXCOORD2: 0.23137255, 0.0627451017, 0.611764729, 0.270588249
vb0[46]+000 TEXCOORD3: 0.23137255, 0.0627451017, 0.611764729, 0.270588249
vb0[46]+000 TANGENT: 0.23137255, 0.0627451017, 0.611764729, 0.270588249

vb0[47]+000 POSITION: 4994.02881, 1470.37695, 1264.98413
vb0[47]+000 NORMAL: 0.23137255, 0.0627451017, 0.611764729, 0.270588249
vb0[47]+024 COLOR: 1, 0.427450985, 0.0980392173, 0.0980392173
vb0[47]+028 TEXCOORD: 0, 1.00000012, 0, 1.00000012
vb0[47]+044 TEXCOORD1: 108.925774, 59.6264687, 0.400000006, 0.600000024
vb0[47]+000 TEXCOORD2: 0.23137255, 0.0627451017, 0.611764729, 0.270588249
vb0[47]+000 TEXCOORD3: 0.23137255, 0.0627451017, 0.611764729, 0.270588249
vb0[47]+000 TANGENT: 0.23137255, 0.0627451017, 0.611764729, 0.270588249

vb0[48]+000 POSITION: 2299.94312, 1318.3468, 4574.82568
vb0[48]+000 NORMAL: 0.0901960805, 0.749019623, 0.0588235296, 0.270588249
vb0[48]+024 COLOR: 1, 0, 0.0980392173, 0.0980392173
vb0[48]+028 TEXCOORD: 1.00000012, 1.00000012, 1.00000012, 1.00000012
vb0[48]+044 TEXCOORD1: 108.925774, 44.4245071, 0.400000006, 0.600000024
vb0[48]+000 TEXCOORD2: 0.0901960805, 0.749019623, 0.0588235296, 0.270588249
vb0[48]+000 TEXCOORD3: 0.0901960805, 0.749019623, 0.0588235296, 0.270588249
vb0[48]+000 TANGENT: 0.0901960805, 0.749019623, 0.0588235296, 0.270588249

vb0[49]+000 POSITION: 2299.94312, 257.062531, 4574.82568
vb0[49]+000 NORMAL: 0.0901960805, 0.749019623, 0.0588235296, 0.270588249
vb0[49]+024 COLOR: 1, 0, 0.0980392173, 0.0980392173
vb0[49]+028 TEXCOORD: 1.00000012, 0, 1.00000012, 0
vb0[49]+044 TEXCOORD1: 108.925774, 44.4245071, 0.400000006, 0.600000024
vb0[49]+000 TEXCOORD2: 0.0901960805, 0.749019623, 0.0588235296, 0.270588249
vb0[49]+000 TEXCOORD3: 0.0901960805, 0.749019623, 0.0588235296, 0.270588249
vb0[49]+000 TANGENT: 0.0901960805, 0.749019623, 0.0588235296, 0.270588249

vb0[50]+000 POSITION: 3957.24243, 257.062531, 3248.68164
vb0[50]+000 NORMAL: 0.882352948, 0.325490206, 0.466666669, 0.270588249
vb0[50]+024 COLOR: 1, 0, 0.0980392173, 0.0980392173
vb0[50]+028 TEXCOORD: 0, 0, 0, 0
vb0[50]+044 TEXCOORD1: 108.925774, 44.4245071, 0.400000006, 0.600000024
vb0[50]+000 TEXCOORD2: 0.882352948, 0.325490206, 0.466666669, 0.270588249
vb0[50]+000 TEXCOORD3: 0.882352948, 0.325490206, 0.466666669, 0.270588249
vb0[50]+000 TANGENT: 0.882352948, 0.325490206, 0.466666669, 0.270588249

vb0[51]+000 POSITION: 3957.24243, 1318.3468, 3248.68164
vb0[51]+000 NORMAL: 0.882352948, 0.325490206, 0.466666669, 0.270588249
vb0[51]+024 COLOR: 1, 0, 0.0980392173, 0.0980392173
vb0[51]+028 TEXCOORD: 0, 1.00000012, 0, 1.00000012
vb0[51]+044 TEXCOORD1: 108.925774, 44.4245071, 0.400000006, 0.600000024
vb0[51]+000 TEXCOORD2: 0.882352948, 0.325490206, 0.466666669, 0.270588249
vb0[51]+000 TEXCOORD3: 0.882352948, 0.325490206, 0.466666669, 0.270588249
vb0[51]+000 TANGENT: 0.882352948, 0.325490206, 0.466666669, 0.270588249

vb0[52]+000 POSITION: 512.084351, 1778.83105, 5209.53662
vb0[52]+000 NORMAL: 0.400000006, 0.0196078438, 0, 0.266666681
vb0[52]+024 COLOR: 1, 0.713725507, 0.0980392173, 0.0980392173
vb0[52]+028 TEXCOORD: 1.00000012, 1.00000012, 1.00000012, 1.00000012
vb0[52]+044 TEXCOORD1: 108.925774, 40.1602783, 0.400000006, 0.600000024
vb0[52]+000 TEXCOORD2: 0.400000006, 0.0196078438, 0, 0.266666681
vb0[52]+000 TEXCOORD3: 0.400000006, 0.0196078438, 0, 0.266666681
vb0[52]+000 TANGENT: 0.400000006, 0.0196078438, 0, 0.266666681

vb0[53]+000 POSITION: 512.084351, 257.062531, 5209.53662
vb0[53]+000 NORMAL: 0.400000006, 0.0196078438, 0, 0.266666681
vb0[53]+024 COLOR: 1, 0.713725507, 0.0980392173, 0.0980392173
vb0[53]+028 TEXCOORD: 1.00000012, 0, 1.00000012, 0
vb0[53]+044 TEXCOORD1: 108.925774, 40.1602783, 0.400000006, 0.600000024
vb0[53]+000 TEXCOORD2: 0.400000006, 0.0196078438, 0, 0.266666681
vb0[53]+000 TEXCOORD3: 0.400000006, 0.0196078438, 0, 0.266666681
vb0[53]+000 TANGENT: 0.400000006, 0.0196078438, 0, 0.266666681

vb0[54]+000 POSITION: 3323.95557, 257.062531, 4044.84912
vb0[54]+000 NORMAL: 0.290196091, 0.749019623, 0.309803933, 0.270588249
vb0[54]+024 COLOR: 1, 0.713725507, 0.0980392173, 0.0980392173
vb0[54]+028 TEXCOORD: 0, 0, 0, 0
vb0[54]+044 TEXCOORD1: 108.925774, 40.1602783, 0.400000006, 0.600000024
vb0[54]+000 TEXCOORD2: 0.290196091, 0.749019623, 0.309803933, 0.270588249
vb0[54]+000 TEXCOORD3: 0.290196091, 0.749019623, 0.309803933, 0.270588249
vb0[54]+000 TANGENT: 0.290196091, 0.749019623, 0.309803933, 0.270588249

vb0[55]+000 POSITION: 3323.95557, 1778.83105, 4044.84912
vb0[55]+000 NORMAL: 0.290196091, 0.749019623, 0.309803933, 0.270588249
vb0[55]+024 COLOR: 1, 0.713725507, 0.0980392173, 0.0980392173
vb0[55]+028 TEXCOORD: 0, 1.00000012, 0, 1.00000012
vb0[55]+044 TEXCOORD1: 108.925774, 40.1602783, 0.400000006, 0.600000024
vb0[55]+000 TEXCOORD2: 0.290196091, 0.749019623, 0.309803933, 0.270588249
vb0[55]+000 TEXCOORD3: 0.290196091, 0.749019623, 0.309803933, 0.270588249
vb0[55]+000 TANGENT: 0.290196091, 0.749019623, 0.309803933, 0.270588249

vb0[56]+000 POSITION: -459.214355, 1489.05688, 5136.27393
vb0[56]+000 NORMAL: 0.43921569, 0.607843161, 0.898039222, 0.764705896
vb0[56]+024 COLOR: 1, 0.282352954, 0.0980392173, 0.0980392173
vb0[56]+028 TEXCOORD: 1.00000012, 1.00000012, 1.00000012, 1.00000012
vb0[56]+044 TEXCOORD1: 108.925774, 105.049133, 0.400000006, 0.600000024
vb0[56]+000 TEXCOORD2: 0.43921569, 0.607843161, 0.898039222, 0.764705896
vb0[56]+000 TEXCOORD3: 0.43921569, 0.607843161, 0.898039222, 0.764705896
vb0[56]+000 TANGENT: 0.43921569, 0.607843161, 0.898039222, 0.764705896

vb0[57]+000 POSITION: -459.214355, 257.062531, 5136.27393
vb0[57]+000 NORMAL: 0.43921569, 0.607843161, 0.898039222, 0.764705896
vb0[57]+024 COLOR: 1, 0.282352954, 0.0980392173, 0.0980392173
vb0[57]+028 TEXCOORD: 1.00000012, 0, 1.00000012, 0
vb0[57]+044 TEXCOORD1: 108.925774, 105.049133, 0.400000006, 0.600000024
vb0[57]+000 TEXCOORD2: 0.43921569, 0.607843161, 0.898039222, 0.764705896
vb0[57]+000 TEXCOORD3: 0.43921569, 0.607843161, 0.898039222, 0.764705896
vb0[57]+000 TANGENT: 0.43921569, 0.607843161, 0.898039222, 0.764705896

vb0[58]+000 POSITION: 1976.58936, 257.062531, 4764.65576
vb0[58]+000 NORMAL: 0.862745106, 0.0705882385, 0.968627453, 0.266666681
vb0[58]+024 COLOR: 1, 0.282352954, 0.0980392173, 0.0980392173
vb0[58]+028 TEXCOORD: 0, 0, 0, 0
vb0[58]+044 TEXCOORD1: 108.925774, 105.049133, 0.400000006, 0.600000024
vb0[58]+000 TEXCOORD2: 0.862745106, 0.0705882385, 0.968627453, 0.266666681
vb0[58]+000 TEXCOORD3: 0.862745106, 0.0705882385, 0.968627453, 0.266666681
vb0[58]+000 TANGENT: 0.862745106, 0.0705882385, 0.968627453, 0.266666681

vb0[59]+000 POSITION: 1976.58936, 1489.05688, 4764.65576
vb0[59]+000 NORMAL: 0.862745106, 0.0705882385, 0.968627453, 0.266666681
vb0[59]+024 COLOR: 1, 0.282352954, 0.0980392173, 0.0980392173
vb0[59]+028 TEXCOORD: 0, 1.00000012, 0, 1.00000012
vb0[59]+044 TEXCOORD1: 108.925774, 105.049133, 0.400000006, 0.600000024
vb0[59]+000 TEXCOORD2: 0.862745106, 0.0705882385, 0.968627453, 0.266666681
vb0[59]+000 TEXCOORD3: 0.862745106, 0.0705882385, 0.968627453, 0.266666681
vb0[59]+000 TANGENT: 0.862745106, 0.0705882385, 0.968627453, 0.266666681

vb0[60]+000 POSITION: -2399.7666, 1929.20996, 4699.92871
vb0[60]+000 NORMAL: 0.266666681, 0.988235295, 0.0823529437, 0.772549033
vb0[60]+024 COLOR: 1, 0, 0.0980392173, 0.0980392173
vb0[60]+028 TEXCOORD: 1.00000012, 1.00000012, 1.00000012, 1.00000012
vb0[60]+044 TEXCOORD1: 108.925774, 31.454298, 0.400000006, 0.600000024
vb0[60]+000 TEXCOORD2: 0.266666681, 0.988235295, 0.0823529437, 0.772549033
vb0[60]+000 TEXCOORD3: 0.266666681, 0.988235295, 0.0823529437, 0.772549033
vb0[60]+000 TANGENT: 0.266666681, 0.988235295, 0.0823529437, 0.772549033

vb0[61]+000 POSITION: -2399.7666, 257.062531, 4699.92871
vb0[61]+000 NORMAL: 0.266666681, 0.988235295, 0.0823529437, 0.772549033
vb0[61]+024 COLOR: 1, 0, 0.0980392173, 0.0980392173
vb0[61]+028 TEXCOORD: 1.00000012, 0, 1.00000012, 0
vb0[61]+044 TEXCOORD1: 108.925774, 31.454298, 0.400000006, 0.600000024
vb0[61]+000 TEXCOORD2: 0.266666681, 0.988235295, 0.0823529437, 0.772549033
vb0[61]+000 TEXCOORD3: 0.266666681, 0.988235295, 0.0823529437, 0.772549033
vb0[61]+000 TANGENT: 0.266666681, 0.988235295, 0.0823529437, 0.772549033

vb0[62]+000 POSITION: 906.574768, 257.062531, 5202.33887
vb0[62]+000 NORMAL: 0.788235307, 0.643137276, 0.384313732, 0.266666681
vb0[62]+024 COLOR: 1, 0, 0.0980392173, 0.0980392173
vb0[62]+028 TEXCOORD: 0, 0, 0, 0
vb0[62]+044 TEXCOORD1: 108.925774, 31.454298, 0.400000006, 0.600000024
vb0[62]+000 TEXCOORD2: 0.788235307, 0.643137276, 0.384313732, 0.266666681
vb0[62]+000 TEXCOORD3: 0.788235307, 0.643137276, 0.384313732, 0.266666681
vb0[62]+000 TANGENT: 0.788235307, 0.643137276, 0.384313732, 0.266666681

vb0[63]+000 POSITION: 906.574768, 1929.20996, 5202.33887
vb0[63]+000 NORMAL: 0.788235307, 0.643137276, 0.384313732, 0.266666681
vb0[63]+024 COLOR: 1, 0, 0.0980392173, 0.0980392173
vb0[63]+028 TEXCOORD: 0, 1.00000012, 0, 1.00000012
vb0[63]+044 TEXCOORD1: 108.925774, 31.454298, 0.400000006, 0.600000024
vb0[63]+000 TEXCOORD2: 0.788235307, 0.643137276, 0.384313732, 0.266666681
vb0[63]+000 TEXCOORD3: 0.788235307, 0.643137276, 0.384313732, 0.266666681
vb0[63]+000 TANGENT: 0.788235307, 0.643137276, 0.384313732, 0.266666681

vb0[64]+000 POSITION: -3459.35938, 1509.0968, 3824.79517
vb0[64]+000 NORMAL: 0.752941191, 0.20784314, 0.345098048, 0.772549033
vb0[64]+024 COLOR: 1, 1, 0.0980392173, 0.0980392173
vb0[64]+028 TEXCOORD: 1.00000012, 1.00000012, 1.00000012, 1.00000012
vb0[64]+044 TEXCOORD1: 108.925774, 107.517593, 0.400000006, 0.600000024
vb0[64]+000 TEXCOORD2: 0.752941191, 0.20784314, 0.345098048, 0.772549033
vb0[64]+000 TEXCOORD3: 0.752941191, 0.20784314, 0.345098048, 0.772549033
vb0[64]+000 TANGENT: 0.752941191, 0.20784314, 0.345098048, 0.772549033

vb0[65]+000 POSITION: -3459.35938, 257.062531, 3824.79517
vb0[65]+000 NORMAL: 0.752941191, 0.20784314, 0.345098048, 0.772549033
vb0[65]+024 COLOR: 1, 1, 0.0980392173, 0.0980392173
vb0[65]+028 TEXCOORD: 1.00000012, 0, 1.00000012, 0
vb0[65]+044 TEXCOORD1: 108.925774, 107.517593, 0.400000006, 0.600000024
vb0[65]+000 TEXCOORD2: 0.752941191, 0.20784314, 0.345098048, 0.772549033
vb0[65]+000 TEXCOORD3: 0.752941191, 0.20784314, 0.345098048, 0.772549033
vb0[65]+000 TANGENT: 0.752941191, 0.20784314, 0.345098048, 0.772549033

vb0[66]+000 POSITION: -1251.79395, 257.062531, 5006.74902
vb0[66]+000 NORMAL: 0.407843143, 0.474509805, 0.611764729, 0.768627465
vb0[66]+024 COLOR: 1, 1, 0.0980392173, 0.0980392173
vb0[66]+028 TEXCOORD: 0, 0, 0, 0
vb0[66]+044 TEXCOORD1: 108.925774, 107.517593, 0.400000006, 0.600000024
vb0[66]+000 TEXCOORD2: 0.407843143, 0.474509805, 0.611764729, 0.768627465
vb0[66]+000 TEXCOORD3: 0.407843143, 0.474509805, 0.611764729, 0.768627465
vb0[66]+000 TANGENT: 0.407843143, 0.474509805, 0.611764729, 0.768627465

vb0[67]+000 POSITION: -1251.79395, 1509.0968, 5006.74902
vb0[67]+000 NORMAL: 0.407843143, 0.474509805, 0.611764729, 0.768627465
vb0[67]+024 COLOR: 1, 1, 0.0980392173, 0.0980392173
vb0[67]+028 TEXCOORD: 0, 1.00000012, 0, 1.00000012
vb0[67]+044 TEXCOORD1: 108.925774, 107.517593, 0.400000006, 0.600000024
vb0[67]+000 TEXCOORD2: 0.407843143, 0.474509805, 0.611764729, 0.768627465
vb0[67]+000 TEXCOORD3: 0.407843143, 0.474509805, 0.611764729, 0.768627465
vb0[67]+000 TANGENT: 0.407843143, 0.474509805, 0.611764729, 0.768627465

vb0[68]+000 POSITION: -4849.46826, 1798.17285, 1960.57007
vb0[68]+000 NORMAL: 0.749019623, 0.545098066, 0.592156887, 0.772549033
vb0[68]+024 COLOR: 1, 0.427450985, 0.0980392173, 0.0980392173
vb0[68]+028 TEXCOORD: 1.00000012, 1.00000012, 1.00000012, 1.00000012
vb0[68]+044 TEXCOORD1: 108.925774, 101.878365, 0.400000006, 0.600000024
vb0[68]+000 TEXCOORD2: 0.749019623, 0.545098066, 0.592156887, 0.772549033
vb0[68]+000 TEXCOORD3: 0.749019623, 0.545098066, 0.592156887, 0.772549033
vb0[68]+000 TANGENT: 0.749019623, 0.545098066, 0.592156887, 0.772549033

vb0[69]+000 POSITION: -4849.46826, 257.062531, 1960.57007
vb0[69]+000 NORMAL: 0.749019623, 0.545098066, 0.592156887, 0.772549033
vb0[69]+024 COLOR: 1, 0.427450985, 0.0980392173, 0.0980392173
vb0[69]+028 TEXCOORD: 1.00000012, 0, 1.00000012, 0
vb0[69]+044 TEXCOORD1: 108.925774, 101.878365, 0.400000006, 0.600000024
vb0[69]+000 TEXCOORD2: 0.749019623, 0.545098066, 0.592156887, 0.772549033
vb0[69]+000 TEXCOORD3: 0.749019623, 0.545098066, 0.592156887, 0.772549033
vb0[69]+000 TANGENT: 0.749019623, 0.545098066, 0.592156887, 0.772549033

vb0[70]+000 POSITION: -2907.81616, 257.062531, 4354.32715
vb0[70]+000 NORMAL: 0.0588235296, 0.741176486, 0.20784314, 0.772549033
vb0[70]+024 COLOR: 1, 0.427450985, 0.0980392173, 0.0980392173
vb0[70]+028 TEXCOORD: 0, 0, 0, 0
vb0[70]+044 TEXCOORD1: 108.925774, 101.878365, 0.400000006, 0.600000024
vb0[70]+000 TEXCOORD2: 0.0588235296, 0.741176486, 0.20784314, 0.772549033
vb0[70]+000 TEXCOORD3: 0.0588235296, 0.741176486, 0.20784314, 0.772549033
vb0[70]+000 TANGENT: 0.0588235296, 0.741176486, 0.20784314, 0.772549033

vb0[71]+000 POSITION: -2907.81616, 1798.17285, 4354.32715
vb0[71]+000 NORMAL: 0.0588235296, 0.741176486, 0.20784314, 0.772549033
vb0[71]+024 COLOR: 1, 0.427450985, 0.0980392173, 0.0980392173
vb0[71]+028 TEXCOORD: 0, 1.00000012, 0, 1.00000012
vb0[71]+044 TEXCOORD1: 108.925774, 101.878365, 0.400000006, 0.600000024
vb0[71]+000 TEXCOORD2: 0.0588235296, 0.741176486, 0.20784314, 0.772549033
vb0[71]+000 TEXCOORD3: 0.0588235296, 0.741176486, 0.20784314, 0.772549033
vb0[71]+000 TANGENT: 0.0588235296, 0.741176486, 0.20784314, 0.772549033

vb0[72]+000 POSITION: -5059.5332, 1348.41455, 747.464355
vb0[72]+000 NORMAL: 0.266666681, 0.109803922, 0.619607866, 0.772549033
vb0[72]+024 COLOR: 1, 0.141176477, 0.0980392173, 0.0980392173
vb0[72]+028 TEXCOORD: 1.00000012, 1.00000012, 1.00000012, 1.00000012
vb0[72]+044 TEXCOORD1: 108.925774, 94.8078995, 0.400000006, 0.600000024
vb0[72]+000 TEXCOORD2: 0.266666681, 0.109803922, 0.619607866, 0.772549033
vb0[72]+000 TEXCOORD3: 0.266666681, 0.109803922, 0.619607866, 0.772549033
vb0[72]+000 TANGENT: 0.266666681, 0.109803922, 0.619607866, 0.772549033

vb0[73]+000 POSITION: -5059.5332, 257.062531, 747.464355
vb0[73]+000 NORMAL: 0.266666681, 0.109803922, 0.619607866, 0.772549033
vb0[73]+024 COLOR: 1, 0.141176477, 0.0980392173, 0.0980392173
vb0[73]+028 TEXCOORD: 1.00000012, 0, 1.00000012, 0
vb0[73]+044 TEXCOORD1: 108.925774, 94.8078995, 0.400000006, 0.600000024
vb0[73]+000 TEXCOORD2: 0.266666681, 0.109803922, 0.619607866, 0.772549033
vb0[73]+000 TEXCOORD3: 0.266666681, 0.109803922, 0.619607866, 0.772549033
vb0[73]+000 TANGENT: 0.266666681, 0.109803922, 0.619607866, 0.772549033

vb0[74]+000 POSITION: -4290.70703, 257.062531, 2790.28198
vb0[74]+000 NORMAL: 0.65882355, 0.0823529437, 0.525490224, 0.772549033
vb0[74]+024 COLOR: 1, 0.141176477, 0.0980392173, 0.0980392173
vb0[74]+028 TEXCOORD: 0, 0, 0, 0
vb0[74]+044 TEXCOORD1: 108.925774, 94.8078995, 0.400000006, 0.600000024
vb0[74]+000 TEXCOORD2: 0.65882355, 0.0823529437, 0.525490224, 0.772549033
vb0[74]+000 TEXCOORD3: 0.65882355, 0.0823529437, 0.525490224, 0.772549033
vb0[74]+000 TANGENT: 0.65882355, 0.0823529437, 0.525490224, 0.772549033

vb0[75]+000 POSITION: -4290.70703, 1348.41455, 2790.28198
vb0[75]+000 NORMAL: 0.65882355, 0.0823529437, 0.525490224, 0.772549033
vb0[75]+024 COLOR: 1, 0.141176477, 0.0980392173, 0.0980392173
vb0[75]+028 TEXCOORD: 0, 1.00000012, 0, 1.00000012
vb0[75]+044 TEXCOORD1: 108.925774, 94.8078995, 0.400000006, 0.600000024
vb0[75]+000 TEXCOORD2: 0.65882355, 0.0823529437, 0.525490224, 0.772549033
vb0[75]+000 TEXCOORD3: 0.65882355, 0.0823529437, 0.525490224, 0.772549033
vb0[75]+000 TANGENT: 0.65882355, 0.0823529437, 0.525490224, 0.772549033

vb0[76]+000 POSITION: -5106.00586, 1956.12231, -1323.05859
vb0[76]+000 NORMAL: 0.0470588244, 0.564705908, 0.623529434, 0.772549033
vb0[76]+024 COLOR: 1, 0.854901969, 0.0980392173, 0.0980392173
vb0[76]+028 TEXCOORD: 1.00000012, 1.00000012, 1.00000012, 1.00000012
vb0[76]+044 TEXCOORD1: 108.925774, 60.3311539, 0.400000006, 0.600000024
vb0[76]+000 TEXCOORD2: 0.0470588244, 0.564705908, 0.623529434, 0.772549033
vb0[76]+000 TEXCOORD3: 0.0470588244, 0.564705908, 0.623529434, 0.772549033
vb0[76]+000 TANGENT: 0.0470588244, 0.564705908, 0.623529434, 0.772549033

vb0[77]+000 POSITION: -5106.00586, 257.062531, -1323.05859
vb0[77]+000 NORMAL: 0.0470588244, 0.564705908, 0.623529434, 0.772549033
vb0[77]+024 COLOR: 1, 0.854901969, 0.0980392173, 0.0980392173
vb0[77]+028 TEXCOORD: 1.00000012, 0, 1.00000012, 0
vb0[77]+044 TEXCOORD1: 108.925774, 60.3311539, 0.400000006, 0.600000024
vb0[77]+000 TEXCOORD2: 0.0470588244, 0.564705908, 0.623529434, 0.772549033
vb0[77]+000 TEXCOORD3: 0.0470588244, 0.564705908, 0.623529434, 0.772549033
vb0[77]+000 TANGENT: 0.0470588244, 0.564705908, 0.623529434, 0.772549033

vb0[78]+000 POSITION: -4858.73047, 257.062531, 2066.05225
vb0[78]+000 NORMAL: 0.847058833, 0.835294127, 0.592156887, 0.772549033
vb0[78]+024 COLOR: 1, 0.854901969, 0.0980392173, 0.0980392173
vb0[78]+028 TEXCOORD: 0, 0, 0, 0
vb0[78]+044 TEXCOORD1: 108.925774, 60.3311539, 0.400000006, 0.600000024
vb0[78]+000 TEXCOORD2: 0.847058833, 0.835294127, 0.592156887, 0.772549033
vb0[78]+000 TEXCOORD3: 0.847058833, 0.835294127, 0.592156887, 0.772549033
vb0[78]+000 TANGENT: 0.847058833, 0.835294127, 0.592156887, 0.772549033

vb0[79]+000 POSITION: -4858.73047, 1956.12231, 2066.05225
vb0[79]+000 NORMAL: 0.847058833, 0.835294127, 0.592156887, 0.772549033
vb0[79]+024 COLOR: 1, 0.854901969, 0.0980392173, 0.0980392173
vb0[79]+028 TEXCOORD: 0, 1.00000012, 0, 1.00000012
vb0[79]+044 TEXCOORD1: 108.925774, 60.3311539, 0.400000006, 0.600000024
vb0[79]+000 TEXCOORD2: 0.847058833, 0.835294127, 0.592156887, 0.772549033
vb0[79]+000 TEXCOORD3: 0.847058833, 0.835294127, 0.592156887, 0.772549033
vb0[79]+000 TANGENT: 0.847058833, 0.835294127, 0.592156887, 0.772549033
