byte offset: 0
first index: 0
index count: 900
topology: trianglelist
format: DXGI_FORMAT_R16_UINT

0 1 2
1 0 3
4 3 0
3 4 5
6 5 4
5 6 7
8 7 6
7 8 9
10 0 2
11 4 0
12 6 4
13 8 6
3 14 1
14 3 15
5 15 3
15 5 16
7 16 5
16 7 17
9 17 7
17 9 18
19 20 21
20 19 22
23 22 19
22 23 24
25 24 23
24 25 26
27 26 25
26 27 28
29 19 21
30 23 19
31 25 23
32 27 25
33 34 35
34 33 36
37 36 33
36 37 38
39 38 37
38 39 40
41 40 39
40 41 42
43 33 35
44 37 33
45 39 37
46 41 39
47 48 49
48 47 50
51 50 47
50 51 52
53 52 51
52 53 54
55 54 53
54 55 56
49 57 47
57 49 58
59 47 57
47 59 51
60 51 59
51 60 53
61 53 60
53 61 55
62 57 58
63 59 57
64 60 59
65 61 60
66 67 68
69 68 67
68 69 70
71 69 67
72 71 67
69 71 73
74 73 71
75 74 71
73 74 76
77 76 74
78 77 74
76 77 79
80 81 82
82 81 83
82 83 84
82 84 85
86 87 88
86 88 89
90 91 92
92 91 93
92 93 94
92 94 95
96 97 98
98 97 99
98 99 100
98 100 101
102 103 104
102 104 105
106 107 108
108 107 109
108 109 110
108 110 111
112 113 114
114 113 115
114 115 116
114 116 117
118 119 120
118 120 121
122 123 124
124 123 125
124 125 126
124 126 127
128 129 130
130 129 131
130 131 132
130 132 133
134 135 136
134 136 137
138 139 140
140 139 141
140 141 142
140 142 143
144 145 146
146 145 147
146 147 148
146 148 149
150 151 152
150 152 153
154 155 156
156 155 157
156 157 158
156 158 159
160 161 162
160 162 163
164 165 166
166 165 167
166 167 168
166 168 169
170 171 172
172 171 173
172 173 174
172 174 175
176 177 178
176 178 179
180 181 182
182 181 183
182 183 184
182 184 185
186 187 188
188 187 189
188 189 190
188 190 191
192 193 194
192 194 195
196 197 198
198 197 199
198 199 200
198 200 201
202 203 204
204 203 205
204 205 206
204 206 207
208 209 210
210 209 211
210 211 212
210 212 213
214 215 216
216 215 217
216 217 218
216 218 219
220 221 222
222 221 223
222 223 224
222 224 225
226 227 228
228 227 229
228 229 230
228 230 231
232 233 234
232 234 235
236 237 238
238 237 239
238 239 240
238 240 241
242 243 244
244 243 245
244 245 246
244 246 247
248 249 250
248 250 251
252 253 254
254 253 255
254 255 256
254 256 257
258 259 260
258 260 261
262 263 264
264 263 265
264 265 266
264 266 267
268 269 270
270 269 271
270 271 272
270 272 273
274 275 276
274 276 277
278 279 280
280 279 281
280 281 282
280 282 283
284 285 286
286 285 287
286 287 288
286 288 289
290 291 292
290 292 293
294 295 296
296 295 297
296 297 298
296 298 299
300 301 302
302 301 303
302 303 304
302 304 305
306 307 308
306 308 309
310 311 312
312 311 313
312 313 314
312 314 315
316 317 318
318 317 319
318 319 320
318 320 321
322 323 324
322 324 325
326 327 328
328 327 329
328 329 330
328 330 331
332 333 334
334 333 335
334 335 336
334 336 337
338 339 340
338 340 341
342 343 344
344 343 345
344 345 346
344 346 347
348 349 350
350 349 351
350 351 352
350 352 353
354 355 356
354 356 357
358 359 360
360 359 361
360 361 362
360 362 363
364 365 366
364 366 367
368 369 370
370 369 371
370 371 372
370 372 373
374 375 376
374 376 377
378 379 380
378 380 381
382 383 384
382 384 385
386 387 388
386 388 389
390 391 392
390 392 393
394 395 396
394 396 397
398 399 400
398 400 401
402 403 404
402 404 405
406 407 408
406 408 409
410 411 412
410 412 413
414 415 416
414 416 417
418 419 420
418 420 421
422 423 424
422 424 425
426 427 428
426 428 429
430 431 432
431 433 432
433 431 434
435 434 431
436 435 431
434 435 437
438 437 435
439 438 435
437 438 440
441 440 438
442 441 438
440 441 443
