byte offset: 0
first index: 0
index count: 1140
topology: trianglelist
format: DXGI_FORMAT_R16_UINT

0 1 2
2 1 3
2 3 4
2 4 5
6 7 8
6 8 9
10 11 12
12 11 13
12 13 14
12 14 15
16 17 18
18 17 19
18 19 20
18 20 21
22 23 24
24 23 25
24 25 26
24 26 27
28 29 30
30 29 31
30 31 32
30 32 33
34 35 36
36 35 37
36 37 38
36 38 39
40 41 42
42 41 43
42 43 44
42 44 45
46 47 48
46 48 49
50 51 52
52 51 53
52 53 54
52 54 55
56 57 58
56 58 59
60 61 62
60 62 63
64 65 66
66 65 67
66 67 68
66 68 69
70 71 72
72 71 73
72 73 74
72 74 75
76 77 78
78 77 79
78 79 80
78 80 81
82 83 84
82 84 85
86 87 88
88 87 89
88 89 90
88 90 91
92 93 94
94 93 95
94 95 96
94 96 97
98 99 100
98 100 101
102 103 104
104 103 105
104 105 106
104 106 107
108 109 110
110 109 111
110 111 112
110 112 113
114 115 116
114 116 117
118 119 120
120 119 121
120 121 122
120 122 123
124 125 126
126 125 127
126 127 128
126 128 129
130 131 132
132 131 133
132 133 134
132 134 135
136 137 138
138 137 139
138 139 140
138 140 141
142 143 144
144 143 145
144 145 146
144 146 147
148 149 150
148 150 151
152 153 154
154 153 155
154 155 156
154 156 157
158 159 160
160 159 161
160 161 162
160 162 163
164 165 166
164 166 167
168 169 170
170 169 171
170 171 172
170 172 173
174 175 176
176 175 177
176 177 178
176 178 179
180 181 182
182 181 183
182 183 184
182 184 185
186 187 188
188 187 189
188 189 190
188 190 191
192 193 194
192 194 195
196 197 198
198 197 199
198 199 200
198 200 201
202 203 204
202 204 205
206 207 208
208 207 209
208 209 210
208 210 211
212 213 214
214 213 215
214 215 216
214 216 217
218 219 220
218 220 221
222 223 224
224 223 225
224 225 226
224 226 227
228 229 230
230 229 231
230 231 232
230 232 233
234 235 236
234 236 237
238 239 240
240 239 241
240 241 242
240 242 243
244 245 246
246 245 247
246 247 248
246 248 249
250 251 252
250 252 253
254 255 256
256 255 257
256 257 258
256 258 259
260 261 262
262 261 263
262 263 264
262 264 265
266 267 268
266 268 269
270 271 272
272 271 273
272 273 274
272 274 275
276 277 278
278 277 279
278 279 280
278 280 281
282 283 284
282 284 285
286 287 288
288 287 289
288 289 290
288 290 291
292 293 294
294 293 295
294 295 296
294 296 297
298 299 300
298 300 301
302 303 304
304 303 305
304 305 306
304 306 307
308 309 310
310 309 311
310 311 312
310 312 313
314 315 316
316 315 317
316 317 318
316 318 319
320 321 322
320 322 323
324 325 326
326 325 327
326 327 328
326 328 329
330 331 332
332 331 333
332 333 334
332 334 335
336 337 338
336 338 339
340 341 342
342 341 343
342 343 344
342 344 345
346 347 348
346 348 349
350 351 352
350 352 353
354 355 356
354 356 357
358 359 360
358 360 361
362 363 364
362 364 365
366 367 368
367 366 369
370 367 369
367 370 371
372 371 370
371 372 373
374 369 366
375 370 369
376 372 370
377 368 367
371 377 367
368 377 378
377 371 379
373 379 371
379 373 380
381 382 383
382 381 384
385 384 381
384 385 386
387 386 385
386 387 388
383 389 381
389 383 390
391 381 389
381 391 385
392 385 391
385 392 387
390 393 389
393 390 394
395 389 393
389 395 391
396 391 395
391 396 392
397 393 394
398 395 393
399 396 395
400 401 402
401 400 403
404 403 400
403 404 405
406 405 404
405 406 407
408 400 402
400 408 409
410 409 408
409 410 411
412 409 411
409 412 413
400 413 404
413 400 409
413 406 404
412 414 413
406 413 414
414 412 415
410 416 411
416 410 417
418 411 416
411 418 412
419 412 418
412 419 415
420 416 417
421 418 416
422 419 418
423 424 425
424 423 426
427 426 423
426 427 428
429 428 427
428 429 430
431 430 429
430 431 432
433 423 425
434 427 423
435 429 427
436 431 429
437 438 439
438 437 440
441 440 437
440 441 442
443 442 441
442 443 444
439 445 437
445 439 446
447 437 445
437 447 441
448 441 447
441 448 443
449 445 446
445 449 450
451 445 450
452 445 451
445 452 447
452 448 447
448 452 453
449 454 450
454 449 455
456 450 454
450 456 451
457 451 456
451 457 452
452 457 453
458 454 455
459 456 454
460 457 456
461 462 463
461 463 464
465 466 467
465 467 468
469 470 471
470 469 472
473 472 469
472 473 474
473 475 474
475 473 476
471 477 469
477 471 478
479 469 477
469 479 473
480 473 479
473 480 476
481 477 478
482 479 477
483 480 479
484 485 486
485 484 487
487 488 485
488 487 489
489 490 488
490 489 491
484 492 487
492 484 493
494 487 492
487 494 489
495 489 494
489 495 491
493 496 492
496 493 497
498 492 496
492 498 494
499 494 498
494 499 495
500 495 499
501 496 497
502 498 496
503 499 498
504 500 499
505 490 506
507 488 505
488 507 485
508 485 507
485 508 486
490 505 488
