byte offset: 0
first index: 0
index count: 432
topology: trianglelist
format: DXGI_FORMAT_R16_UINT

0 1 2
0 2 3
4 0 3
4 5 0
4 6 5
4 7 6
6 7 8
6 8 9
8 10 9
8 11 10
10 11 12
10 12 13
13 12 14
13 14 15
15 14 16
15 16 17
17 16 18
17 18 19
20 19 18
20 21 19
22 21 20
22 20 23
24 22 23
24 25 22
26 25 24
26 24 27
26 27 28
26 28 29
28 30 29
28 31 30
30 31 32
30 32 33
32 34 33
32 35 34
34 35 36
34 36 37
36 38 37
36 39 38
40 38 39
40 41 38
42 41 40
42 40 43
44 42 43
44 45 42
46 45 44
46 44 47
48 46 47
48 49 46
48 50 49
48 51 50
51 52 50
51 53 52
53 54 52
53 55 54
55 56 54
55 57 56
57 58 56
57 59 58
59 60 58
59 61 60
62 60 61
62 61 63
2 62 63
2 1 62
64 53 51
65 64 51
65 51 48
65 48 47
66 65 47
66 47 44
66 44 43
43 67 66
43 40 67
39 67 40
39 68 67
39 36 68
35 68 36
68 35 32
68 32 69
69 32 31
70 69 31
70 31 28
70 28 27
71 70 27
71 27 24
71 24 23
72 71 23
72 23 20
18 72 20
18 73 72
18 16 73
14 73 16
12 73 14
12 74 73
74 12 11
75 74 11
75 11 8
75 8 7
75 7 4
75 4 76
76 4 3
77 76 3
77 3 2
63 77 2
61 77 63
61 78 77
59 78 61
57 78 59
57 79 78
79 57 55
79 55 53
79 53 64
80 76 77
80 77 81
81 77 78
80 81 82
83 80 82
84 83 82
85 84 82
86 85 82
87 86 82
88 87 82
81 88 82
88 79 64
88 81 78
88 78 79
80 83 74
80 74 75
80 75 76
83 73 74
84 73 83
84 72 73
84 71 72
84 85 70
84 70 71
85 69 70
86 69 85
86 68 69
86 67 68
86 87 66
86 66 67
87 65 66
88 65 87
88 64 65
