stride: 16
first vertex: 0
vertex count: 89
topology: trianglelist
element[0]:
  SemanticName: POSITION
  SemanticIndex: 0
  Format: R16G16B16A16_FLOAT
  InputSlot: 0
  AlignedByteOffset: 0
  InputSlotClass: per-vertex
  InstanceDataStepRate: 0
element[1]:
  SemanticName: NORMAL
  SemanticIndex: 0
  Format: R8G8B8A8_SNORM
  InputSlot: 0
  AlignedByteOffset: 8
  InputSlotClass: per-vertex
  InstanceDataStepRate: 0
element[2]:
  SemanticName: COLOR
  SemanticIndex: 0
  Format: R8G8B8A8_UNORM
  InputSlot: 0
  AlignedByteOffset: 0
  InputSlotClass: per-vertex
  InstanceDataStepRate: 0
element[3]:
  SemanticName: TEXCOORD
  SemanticIndex: 0
  Format: R8G8B8A8_UNORM
  InputSlot: 0
  AlignedByteOffset: 0
  InputSlotClass: per-vertex
  InstanceDataStepRate: 0
element[4]:
  SemanticName: TEXCOORD
  SemanticIndex: 1
  Format: R8G8B8A8_UNORM
  InputSlot: 0
  AlignedByteOffset: 0
  InputSlotClass: per-vertex
  InstanceDataStepRate: 0
element[5]:
  SemanticName: TEXCOORD
  SemanticIndex: 2
  Format: R8G8B8A8_UNORM
  InputSlot: 0
  AlignedByteOffset: 0
  InputSlotClass: per-vertex
  InstanceDataStepRate: 0
element[6]:
  SemanticName: TEXCOORD
  SemanticIndex: 3
  Format: R8G8B8A8_UNORM
  InputSlot: 0
  AlignedByteOffset: 0
  InputSlotClass: per-vertex
  InstanceDataStepRate: 0
element[7]:
  SemanticName: TANGENT
  SemanticIndex: 0
  Format: R8G8B8A8_UNORM
  InputSlot: 0
  AlignedByteOffset: 0
  InputSlotClass: per-vertex
  InstanceDataStepRate: 0

vertex-data:

vb0[0]+000 POSITION: -0.265380859, 1.97851563, 1.33398438, 1
vb0[0]+008 NORMAL: 0.05511811, 0.952755928, -0.291338593, 0
vb0[0]+000 COLOR: 0.247058824, 0.70588237, 0.917647064, 0.247058824
vb0[0]+000 TEXCOORD: 0.247058824, 0.70588237, 0.917647064, 0.247058824
vb0[0]+000 TEXCOORD1: 0.247058824, 0.70588237, 0.917647064, 0.247058824
vb0[0]+000 TEXCOORD2: 0.247058824, 0.70588237, 0.917647064, 0.247058824
vb0[0]+000 TEXCOORD3: 0.247058824, 0.70588237, 0.917647064, 0.247058824
vb0[0]+000 TANGENT: 0.247058824, 0.70588237, 0.917647064, 0.247058824

vb0[1]+000 POSITION: 0, 1.97851563, 1.36035156, 1
vb0[1]+008 NORMAL: 0, 0.952755928, -0.291338593, 0
vb0[1]+000 COLOR: 0, 0, 0.917647064, 0.247058824
vb0[1]+000 TEXCOORD: 0, 0, 0.917647064, 0.247058824
vb0[1]+000 TEXCOORD1: 0, 0, 0.917647064, 0.247058824
vb0[1]+000 TEXCOORD2: 0, 0, 0.917647064, 0.247058824
vb0[1]+000 TEXCOORD3: 0, 0, 0.917647064, 0.247058824
vb0[1]+000 TANGENT: 0, 0, 0.917647064, 0.247058824

vb0[2]+000 POSITION: -1.1479437e-41, 1.74023438, 1.15917969, 1
vb0[2]+008 NORMAL: 0, 0.92125982, -0.377952754, 0
vb0[2]+000 COLOR: 0.00392156886, 0.501960814, 0.964705884, 0.243137255
vb0[2]+000 TEXCOORD: 0.00392156886, 0.501960814, 0.964705884, 0.243137255
vb0[2]+000 TEXCOORD1: 0.00392156886, 0.501960814, 0.964705884, 0.243137255
vb0[2]+000 TEXCOORD2: 0.00392156886, 0.501960814, 0.964705884, 0.243137255
vb0[2]+000 TEXCOORD3: 0.00392156886, 0.501960814, 0.964705884, 0.243137255
vb0[2]+000 TANGENT: 0.00392156886, 0.501960814, 0.964705884, 0.243137255

vb0[3]+000 POSITION: -0.226074219, 1.74023438, 1.13671875, 1
vb0[3]+008 NORMAL: 0.0708661452, 0.92125982, -0.370078743, 0
vb0[3]+000 COLOR: 0.235294119, 0.701960802, 0.964705884, 0.243137255
vb0[3]+000 TEXCOORD: 0.235294119, 0.701960802, 0.964705884, 0.243137255
vb0[3]+000 TEXCOORD1: 0.235294119, 0.701960802, 0.964705884, 0.243137255
vb0[3]+000 TEXCOORD2: 0.235294119, 0.701960802, 0.964705884, 0.243137255
vb0[3]+000 TEXCOORD3: 0.235294119, 0.701960802, 0.964705884, 0.243137255
vb0[3]+000 TANGENT: 0.235294119, 0.701960802, 0.964705884, 0.243137255

vb0[4]+000 POSITION: -0.443603516, 1.74023438, 1.0703125, 1
vb0[4]+008 NORMAL: 0.14173229, 0.92125982, -0.354330719, 0
vb0[4]+000 COLOR: 0.0980392173, 0.717647076, 0.964705884, 0.243137255
vb0[4]+000 TEXCOORD: 0.0980392173, 0.717647076, 0.964705884, 0.243137255
vb0[4]+000 TEXCOORD1: 0.0980392173, 0.717647076, 0.964705884, 0.243137255
vb0[4]+000 TEXCOORD2: 0.0980392173, 0.717647076, 0.964705884, 0.243137255
vb0[4]+000 TEXCOORD3: 0.0980392173, 0.717647076, 0.964705884, 0.243137255
vb0[4]+000 TANGENT: 0.0980392173, 0.717647076, 0.964705884, 0.243137255

vb0[5]+000 POSITION: -0.520507813, 1.97851563, 1.25683594, 1
vb0[5]+008 NORMAL: 0.11023622, 0.952755928, -0.275590539, 0
vb0[5]+000 COLOR: 0.164705887, 0.721568644, 0.917647064, 0.247058824
vb0[5]+000 TEXCOORD: 0.164705887, 0.721568644, 0.917647064, 0.247058824
vb0[5]+000 TEXCOORD1: 0.164705887, 0.721568644, 0.917647064, 0.247058824
vb0[5]+000 TEXCOORD2: 0.164705887, 0.721568644, 0.917647064, 0.247058824
vb0[5]+000 TEXCOORD3: 0.164705887, 0.721568644, 0.917647064, 0.247058824
vb0[5]+000 TANGENT: 0.164705887, 0.721568644, 0.917647064, 0.247058824

vb0[6]+000 POSITION: -0.755371094, 1.97851563, 1.13085938, 1
vb0[6]+008 NORMAL: 0.165354326, 0.952755928, -0.244094491, 0
vb0[6]+000 COLOR: 0.0431372561, 0.729411781, 0.917647064, 0.247058824
vb0[6]+000 TEXCOORD: 0.0431372561, 0.729411781, 0.917647064, 0.247058824
vb0[6]+000 TEXCOORD1: 0.0431372561, 0.729411781, 0.917647064, 0.247058824
vb0[6]+000 TEXCOORD2: 0.0431372561, 0.729411781, 0.917647064, 0.247058824
vb0[6]+000 TEXCOORD3: 0.0431372561, 0.729411781, 0.917647064, 0.247058824
vb0[6]+000 TANGENT: 0.0431372561, 0.729411781, 0.917647064, 0.247058824

vb0[7]+000 POSITION: -0.644042969, 1.74023438, 0.963378906, 1
vb0[7]+008 NORMAL: 0.212598428, 0.92125982, -0.314960629, 0
vb0[7]+000 COLOR: 0.152941182, 0.725490212, 0.964705884, 0.243137255
vb0[7]+000 TEXCOORD: 0.152941182, 0.725490212, 0.964705884, 0.243137255
vb0[7]+000 TEXCOORD1: 0.152941182, 0.725490212, 0.964705884, 0.243137255
vb0[7]+000 TEXCOORD2: 0.152941182, 0.725490212, 0.964705884, 0.243137255
vb0[7]+000 TEXCOORD3: 0.152941182, 0.725490212, 0.964705884, 0.243137255
vb0[7]+000 TANGENT: 0.152941182, 0.725490212, 0.964705884, 0.243137255

vb0[8]+000 POSITION: -0.819335938, 1.74023438, 0.819335938, 1
vb0[8]+008 NORMAL: 0.267716527, 0.92125982, -0.267716527, 0
vb0[8]+000 COLOR: 0.556862772, 0.729411781, 0.964705884, 0.243137255
vb0[8]+000 TEXCOORD: 0.556862772, 0.729411781, 0.964705884, 0.243137255
vb0[8]+000 TEXCOORD1: 0.556862772, 0.729411781, 0.964705884, 0.243137255
vb0[8]+000 TEXCOORD2: 0.556862772, 0.729411781, 0.964705884, 0.243137255
vb0[8]+000 TEXCOORD3: 0.556862772, 0.729411781, 0.964705884, 0.243137255
vb0[8]+000 TANGENT: 0.556862772, 0.729411781, 0.964705884, 0.243137255

vb0[9]+000 POSITION: -0.961425781, 1.97851563, 0.961425781, 1
vb0[9]+008 NORMAL: 0.204724416, 0.952755928, -0.204724416, 0
vb0[9]+000 COLOR: 0.694117665, 0.733333349, 0.917647064, 0.247058824
vb0[9]+000 TEXCOORD: 0.694117665, 0.733333349, 0.917647064, 0.247058824
vb0[9]+000 TEXCOORD1: 0.694117665, 0.733333349, 0.917647064, 0.247058824
vb0[9]+000 TEXCOORD2: 0.694117665, 0.733333349, 0.917647064, 0.247058824
vb0[9]+000 TEXCOORD3: 0.694117665, 0.733333349, 0.917647064, 0.247058824
vb0[9]+000 TANGENT: 0.694117665, 0.733333349, 0.917647064, 0.247058824

vb0[10]+000 POSITION: -1.13085938, 1.97851563, 0.755371094, 1
vb0[10]+008 NORMAL: 0.244094491, 0.952755928, -0.165354326, 0
vb0[10]+000 COLOR: 0.525490224, 0.737254918, 0.917647064, 0.247058824
vb0[10]+000 TEXCOORD: 0.525490224, 0.737254918, 0.917647064, 0.247058824
vb0[10]+000 TEXCOORD1: 0.525490224, 0.737254918, 0.917647064, 0.247058824
vb0[10]+000 TEXCOORD2: 0.525490224, 0.737254918, 0.917647064, 0.247058824
vb0[10]+000 TEXCOORD3: 0.525490224, 0.737254918, 0.917647064, 0.247058824
vb0[10]+000 TANGENT: 0.525490224, 0.737254918, 0.917647064, 0.247058824

vb0[11]+000 POSITION: -0.963378906, 1.74023438, 0.644042969, 1
vb0[11]+008 NORMAL: 0.314960629, 0.92125982, -0.212598428, 0
vb0[11]+000 COLOR: 0.709803939, 0.733333349, 0.964705884, 0.243137255
vb0[11]+000 TEXCOORD: 0.709803939, 0.733333349, 0.964705884, 0.243137255
vb0[11]+000 TEXCOORD1: 0.709803939, 0.733333349, 0.964705884, 0.243137255
vb0[11]+000 TEXCOORD2: 0.709803939, 0.733333349, 0.964705884, 0.243137255
vb0[11]+000 TEXCOORD3: 0.709803939, 0.733333349, 0.964705884, 0.243137255
vb0[11]+000 TANGENT: 0.709803939, 0.733333349, 0.964705884, 0.243137255

vb0[12]+000 POSITION: -1.0703125, 1.74023438, 0.443603516, 1
vb0[12]+008 NORMAL: 0.354330719, 0.92125982, -0.14173229, 0
vb0[12]+000 COLOR: 0.282352954, 0.737254918, 0.964705884, 0.243137255
vb0[12]+000 TEXCOORD: 0.282352954, 0.737254918, 0.964705884, 0.243137255
vb0[12]+000 TEXCOORD1: 0.282352954, 0.737254918, 0.964705884, 0.243137255
vb0[12]+000 TEXCOORD2: 0.282352954, 0.737254918, 0.964705884, 0.243137255
vb0[12]+000 TEXCOORD3: 0.282352954, 0.737254918, 0.964705884, 0.243137255
vb0[12]+000 TANGENT: 0.282352954, 0.737254918, 0.964705884, 0.243137255

vb0[13]+000 POSITION: -1.25683594, 1.97851563, 0.520507813, 1
vb0[13]+008 NORMAL: 0.275590539, 0.952755928, -0.11023622, 0
vb0[13]+000 COLOR: 0.0274509806, 0.741176486, 0.917647064, 0.247058824
vb0[13]+000 TEXCOORD: 0.0274509806, 0.741176486, 0.917647064, 0.247058824
vb0[13]+000 TEXCOORD1: 0.0274509806, 0.741176486, 0.917647064, 0.247058824
vb0[13]+000 TEXCOORD2: 0.0274509806, 0.741176486, 0.917647064, 0.247058824
vb0[13]+000 TEXCOORD3: 0.0274509806, 0.741176486, 0.917647064, 0.247058824
vb0[13]+000 TANGENT: 0.0274509806, 0.741176486, 0.917647064, 0.247058824

vb0[14]+000 POSITION: -1.13671875, 1.74023438, 0.226074219, 1
vb0[14]+008 NORMAL: 0.370078743, 0.92125982, -0.0708661452, 0
vb0[14]+000 COLOR: 0.549019635, 0.737254918, 0.964705884, 0.243137255
vb0[14]+000 TEXCOORD: 0.549019635, 0.737254918, 0.964705884, 0.243137255
vb0[14]+000 TEXCOORD1: 0.549019635, 0.737254918, 0.964705884, 0.243137255
vb0[14]+000 TEXCOORD2: 0.549019635, 0.737254918, 0.964705884, 0.243137255
vb0[14]+000 TEXCOORD3: 0.549019635, 0.737254918, 0.964705884, 0.243137255
vb0[14]+000 TANGENT: 0.549019635, 0.737254918, 0.964705884, 0.243137255

vb0[15]+000 POSITION: -1.33398438, 1.97851563, 0.265380859, 1
vb0[15]+008 NORMAL: 0.291338593, 0.952755928, -0.05511811, 0
vb0[15]+000 COLOR: 0.337254912, 0.741176486, 0.917647064, 0.247058824
vb0[15]+000 TEXCOORD: 0.337254912, 0.741176486, 0.917647064, 0.247058824
vb0[15]+000 TEXCOORD1: 0.337254912, 0.741176486, 0.917647064, 0.247058824
vb0[15]+000 TEXCOORD2: 0.337254912, 0.741176486, 0.917647064, 0.247058824
vb0[15]+000 TEXCOORD3: 0.337254912, 0.741176486, 0.917647064, 0.247058824
vb0[15]+000 TANGENT: 0.337254912, 0.741176486, 0.917647064, 0.247058824

vb0[16]+000 POSITION: -1.15917969, 1.74023438, 6.88766221e-41, 1
vb0[16]+008 NORMAL: 0.377952754, 0.92125982, 0, 0
vb0[16]+000 COLOR: 0.639215708, 0.737254918, 0.964705884, 0.243137255
vb0[16]+000 TEXCOORD: 0.639215708, 0.737254918, 0.964705884, 0.243137255
vb0[16]+000 TEXCOORD1: 0.639215708, 0.737254918, 0.964705884, 0.243137255
vb0[16]+000 TEXCOORD2: 0.639215708, 0.737254918, 0.964705884, 0.243137255
vb0[16]+000 TEXCOORD3: 0.639215708, 0.737254918, 0.964705884, 0.243137255
vb0[16]+000 TANGENT: 0.639215708, 0.737254918, 0.964705884, 0.243137255

vb0[17]+000 POSITION: -1.36035156, 1.97851563, 6.88766221e-41, 1
vb0[17]+008 NORMAL: 0.291338593, 0.952755928, 0, 0
vb0[17]+000 COLOR: 0.443137258, 0.741176486, 0.917647064, 0.247058824
vb0[17]+000 TEXCOORD: 0.443137258, 0.741176486, 0.917647064, 0.247058824
vb0[17]+000 TEXCOORD1: 0.443137258, 0.741176486, 0.917647064, 0.247058824
vb0[17]+000 TEXCOORD2: 0.443137258, 0.741176486, 0.917647064, 0.247058824
vb0[17]+000 TEXCOORD3: 0.443137258, 0.741176486, 0.917647064, 0.247058824
vb0[17]+000 TANGENT: 0.443137258, 0.741176486, 0.917647064, 0.247058824

vb0[18]+000 POSITION: -1.13671875, 1.74023438, -0.226074219, 1
vb0[18]+008 NORMAL: 0.370078743, 0.92125982, 0.0708661452, 0
vb0[18]+000 COLOR: 0.549019635, 0.737254918, 0.964705884, 0.243137255
vb0[18]+000 TEXCOORD: 0.549019635, 0.737254918, 0.964705884, 0.243137255
vb0[18]+000 TEXCOORD1: 0.549019635, 0.737254918, 0.964705884, 0.243137255
vb0[18]+000 TEXCOORD2: 0.549019635, 0.737254918, 0.964705884, 0.243137255
vb0[18]+000 TEXCOORD3: 0.549019635, 0.737254918, 0.964705884, 0.243137255
vb0[18]+000 TANGENT: 0.549019635, 0.737254918, 0.964705884, 0.243137255

vb0[19]+000 POSITION: -1.33398438, 1.97851563, -0.265380859, 1
vb0[19]+008 NORMAL: 0.291338593, 0.952755928, 0.05511811, 0
vb0[19]+000 COLOR: 0.337254912, 0.741176486, 0.917647064, 0.247058824
vb0[19]+000 TEXCOORD: 0.337254912, 0.741176486, 0.917647064, 0.247058824
vb0[19]+000 TEXCOORD1: 0.337254912, 0.741176486, 0.917647064, 0.247058824
vb0[19]+000 TEXCOORD2: 0.337254912, 0.741176486, 0.917647064, 0.247058824
vb0[19]+000 TEXCOORD3: 0.337254912, 0.741176486, 0.917647064, 0.247058824
vb0[19]+000 TANGENT: 0.337254912, 0.741176486, 0.917647064, 0.247058824

vb0[20]+000 POSITION: -1.0703125, 1.74023438, -0.443603516, 1
vb0[20]+008 NORMAL: 0.354330719, 0.92125982, 0.14173229, 0
vb0[20]+000 COLOR: 0.282352954, 0.737254918, 0.964705884, 0.243137255
vb0[20]+000 TEXCOORD: 0.282352954, 0.737254918, 0.964705884, 0.243137255
vb0[20]+000 TEXCOORD1: 0.282352954, 0.737254918, 0.964705884, 0.243137255
vb0[20]+000 TEXCOORD2: 0.282352954, 0.737254918, 0.964705884, 0.243137255
vb0[20]+000 TEXCOORD3: 0.282352954, 0.737254918, 0.964705884, 0.243137255
vb0[20]+000 TANGENT: 0.282352954, 0.737254918, 0.964705884, 0.243137255

vb0[21]+000 POSITION: -1.25683594, 1.97851563, -0.520507813, 1
vb0[21]+008 NORMAL: 0.275590539, 0.952755928, 0.11023622, 0
vb0[21]+000 COLOR: 0.0274509806, 0.741176486, 0.917647064, 0.247058824
vb0[21]+000 TEXCOORD: 0.0274509806, 0.741176486, 0.917647064, 0.247058824
vb0[21]+000 TEXCOORD1: 0.0274509806, 0.741176486, 0.917647064, 0.247058824
vb0[21]+000 TEXCOORD2: 0.0274509806, 0.741176486, 0.917647064, 0.247058824
vb0[21]+000 TEXCOORD3: 0.0274509806, 0.741176486, 0.917647064, 0.247058824
vb0[21]+000 TANGENT: 0.0274509806, 0.741176486, 0.917647064, 0.247058824

vb0[22]+000 POSITION: -1.13085938, 1.97851563, -0.755371094, 1
vb0[22]+008 NORMAL: 0.244094491, 0.952755928, 0.165354326, 0
vb0[22]+000 COLOR: 0.525490224, 0.737254918, 0.917647064, 0.247058824
vb0[22]+000 TEXCOORD: 0.525490224, 0.737254918, 0.917647064, 0.247058824
vb0[22]+000 TEXCOORD1: 0.525490224, 0.737254918, 0.917647064, 0.247058824
vb0[22]+000 TEXCOORD2: 0.525490224, 0.737254918, 0.917647064, 0.247058824
vb0[22]+000 TEXCOORD3: 0.525490224, 0.737254918, 0.917647064, 0.247058824
vb0[22]+000 TANGENT: 0.525490224, 0.737254918, 0.917647064, 0.247058824

vb0[23]+000 POSITION: -0.963378906, 1.74023438, -0.644042969, 1
vb0[23]+008 NORMAL: 0.314960629, 0.92125982, 0.212598428, 0
vb0[23]+000 COLOR: 0.709803939, 0.733333349, 0.964705884, 0.243137255
vb0[23]+000 TEXCOORD: 0.709803939, 0.733333349, 0.964705884, 0.243137255
vb0[23]+000 TEXCOORD1: 0.709803939, 0.733333349, 0.964705884, 0.243137255
vb0[23]+000 TEXCOORD2: 0.709803939, 0.733333349, 0.964705884, 0.243137255
vb0[23]+000 TEXCOORD3: 0.709803939, 0.733333349, 0.964705884, 0.243137255
vb0[23]+000 TANGENT: 0.709803939, 0.733333349, 0.964705884, 0.243137255

vb0[24]+000 POSITION: -0.819335938, 1.74023438, -0.819335938, 1
vb0[24]+008 NORMAL: 0.267716527, 0.92125982, 0.267716527, 0
vb0[24]+000 COLOR: 0.556862772, 0.729411781, 0.964705884, 0.243137255
vb0[24]+000 TEXCOORD: 0.556862772, 0.729411781, 0.964705884, 0.243137255
vb0[24]+000 TEXCOORD1: 0.556862772, 0.729411781, 0.964705884, 0.243137255
vb0[24]+000 TEXCOORD2: 0.556862772, 0.729411781, 0.964705884, 0.243137255
vb0[24]+000 TEXCOORD3: 0.556862772, 0.729411781, 0.964705884, 0.243137255
vb0[24]+000 TANGENT: 0.556862772, 0.729411781, 0.964705884, 0.243137255

vb0[25]+000 POSITION: -0.961425781, 1.97851563, -0.961425781, 1
vb0[25]+008 NORMAL: 0.204724416, 0.952755928, 0.204724416, 0
vb0[25]+000 COLOR: 0.694117665, 0.733333349, 0.917647064, 0.247058824
vb0[25]+000 TEXCOORD: 0.694117665, 0.733333349, 0.917647064, 0.247058824
vb0[25]+000 TEXCOORD1: 0.694117665, 0.733333349, 0.917647064, 0.247058824
vb0[25]+000 TEXCOORD2: 0.694117665, 0.733333349, 0.917647064, 0.247058824
vb0[25]+000 TEXCOORD3: 0.694117665, 0.733333349, 0.917647064, 0.247058824
vb0[25]+000 TANGENT: 0.694117665, 0.733333349, 0.917647064, 0.247058824

vb0[26]+000 POSITION: -0.755371094, 1.97851563, -1.13085938, 1
vb0[26]+008 NORMAL: 0.165354326, 0.952755928, 0.244094491, 0
vb0[26]+000 COLOR: 0.0431372561, 0.729411781, 0.917647064, 0.247058824
vb0[26]+000 TEXCOORD: 0.0431372561, 0.729411781, 0.917647064, 0.247058824
vb0[26]+000 TEXCOORD1: 0.0431372561, 0.729411781, 0.917647064, 0.247058824
vb0[26]+000 TEXCOORD2: 0.0431372561, 0.729411781, 0.917647064, 0.247058824
vb0[26]+000 TEXCOORD3: 0.0431372561, 0.729411781, 0.917647064, 0.247058824
vb0[26]+000 TANGENT: 0.0431372561, 0.729411781, 0.917647064, 0.247058824

vb0[27]+000 POSITION: -0.644042969, 1.74023438, -0.963378906, 1
vb0[27]+008 NORMAL: 0.212598428, 0.92125982, 0.314960629, 0
vb0[27]+000 COLOR: 0.152941182, 0.725490212, 0.964705884, 0.243137255
vb0[27]+000 TEXCOORD: 0.152941182, 0.725490212, 0.964705884, 0.243137255
vb0[27]+000 TEXCOORD1: 0.152941182, 0.725490212, 0.964705884, 0.243137255
vb0[27]+000 TEXCOORD2: 0.152941182, 0.725490212, 0.964705884, 0.243137255
vb0[27]+000 TEXCOORD3: 0.152941182, 0.725490212, 0.964705884, 0.243137255
vb0[27]+000 TANGENT: 0.152941182, 0.725490212, 0.964705884, 0.243137255

vb0[28]+000 POSITION: -0.443603516, 1.74023438, -1.0703125, 1
vb0[28]+008 NORMAL: 0.14173229, 0.92125982, 0.354330719, 0
vb0[28]+000 COLOR: 0.0980392173, 0.717647076, 0.964705884, 0.243137255
vb0[28]+000 TEXCOORD: 0.0980392173, 0.717647076, 0.964705884, 0.243137255
vb0[28]+000 TEXCOORD1: 0.0980392173, 0.717647076, 0.964705884, 0.243137255
vb0[28]+000 TEXCOORD2: 0.0980392173, 0.717647076, 0.964705884, 0.243137255
vb0[28]+000 TEXCOORD3: 0.0980392173, 0.717647076, 0.964705884, 0.243137255
vb0[28]+000 TANGENT: 0.0980392173, 0.717647076, 0.964705884, 0.243137255

vb0[29]+000 POSITION: -0.520507813, 1.97851563, -1.25683594, 1
vb0[29]+008 NORMAL: 0.11023622, 0.952755928, 0.275590539, 0
vb0[29]+000 COLOR: 0.164705887, 0.721568644, 0.917647064, 0.247058824
vb0[29]+000 TEXCOORD: 0.164705887, 0.721568644, 0.917647064, 0.247058824
vb0[29]+000 TEXCOORD1: 0.164705887, 0.721568644, 0.917647064, 0.247058824
vb0[29]+000 TEXCOORD2: 0.164705887, 0.721568644, 0.917647064, 0.247058824
vb0[29]+000 TEXCOORD3: 0.164705887, 0.721568644, 0.917647064, 0.247058824
vb0[29]+000 TANGENT: 0.164705887, 0.721568644, 0.917647064, 0.247058824

vb0[30]+000 POSITION: -0.265380859, 1.97851563, -1.33398438, 1
vb0[30]+008 NORMAL: 0.05511811, 0.952755928, 0.291338593, 0
vb0[30]+000 COLOR: 0.247058824, 0.70588237, 0.917647064, 0.247058824
vb0[30]+000 TEXCOORD: 0.247058824, 0.70588237, 0.917647064, 0.247058824
vb0[30]+000 TEXCOORD1: 0.247058824, 0.70588237, 0.917647064, 0.247058824
vb0[30]+000 TEXCOORD2: 0.247058824, 0.70588237, 0.917647064, 0.247058824
vb0[30]+000 TEXCOORD3: 0.247058824, 0.70588237, 0.917647064, 0.247058824
vb0[30]+000 TANGENT: 0.247058824, 0.70588237, 0.917647064, 0.247058824

vb0[31]+000 POSITION: -0.226074219, 1.74023438, -1.13671875, 1
vb0[31]+008 NORMAL: 0.0708661452, 0.92125982, 0.370078743, 0
vb0[31]+000 COLOR: 0.235294119, 0.701960802, 0.964705884, 0.243137255
vb0[31]+000 TEXCOORD: 0.235294119, 0.701960802, 0.964705884, 0.243137255
vb0[31]+000 TEXCOORD1: 0.235294119, 0.701960802, 0.964705884, 0.243137255
vb0[31]+000 TEXCOORD2: 0.235294119, 0.701960802, 0.964705884, 0.243137255
vb0[31]+000 TEXCOORD3: 0.235294119, 0.701960802, 0.964705884, 0.243137255
vb0[31]+000 TANGENT: 0.235294119, 0.701960802, 0.964705884, 0.243137255

vb0[32]+000 POSITION: 6.88766221e-41, 1.74023438, -1.15917969, 1
vb0[32]+008 NORMAL: 0, 0.92125982, 0.377952754, 0
vb0[32]+000 COLOR: 0.0235294122, 0, 0.964705884, 0.243137255
vb0[32]+000 TEXCOORD: 0.0235294122, 0, 0.964705884, 0.243137255
vb0[32]+000 TEXCOORD1: 0.0235294122, 0, 0.964705884, 0.243137255
vb0[32]+000 TEXCOORD2: 0.0235294122, 0, 0.964705884, 0.243137255
vb0[32]+000 TEXCOORD3: 0.0235294122, 0, 0.964705884, 0.243137255
vb0[32]+000 TANGENT: 0.0235294122, 0, 0.964705884, 0.243137255

vb0[33]+000 POSITION: 8.03560591e-41, 1.97851563, -1.36035156, 1
vb0[33]+008 NORMAL: 0, 0.952755928, 0.291338593, 0
vb0[33]+000 COLOR: 0.0274509806, 0, 0.917647064, 0.247058824
vb0[33]+000 TEXCOORD: 0.0274509806, 0, 0.917647064, 0.247058824
vb0[33]+000 TEXCOORD1: 0.0274509806, 0, 0.917647064, 0.247058824
vb0[33]+000 TEXCOORD2: 0.0274509806, 0, 0.917647064, 0.247058824
vb0[33]+000 TEXCOORD3: 0.0274509806, 0, 0.917647064, 0.247058824
vb0[33]+000 TANGENT: 0.0274509806, 0, 0.917647064, 0.247058824

vb0[34]+000 POSITION: 0.265380859, 1.97851563, -1.33398438, 1
vb0[34]+008 NORMAL: -0.05511811, 0.952755928, 0.291338593, 0
vb0[34]+000 COLOR: 0.247058824, 0.203921571, 0.917647064, 0.247058824
vb0[34]+000 TEXCOORD: 0.247058824, 0.203921571, 0.917647064, 0.247058824
vb0[34]+000 TEXCOORD1: 0.247058824, 0.203921571, 0.917647064, 0.247058824
vb0[34]+000 TEXCOORD2: 0.247058824, 0.203921571, 0.917647064, 0.247058824
vb0[34]+000 TEXCOORD3: 0.247058824, 0.203921571, 0.917647064, 0.247058824
vb0[34]+000 TANGENT: 0.247058824, 0.203921571, 0.917647064, 0.247058824

vb0[35]+000 POSITION: 0.226074219, 1.74023438, -1.13671875, 1
vb0[35]+008 NORMAL: -0.0708661452, 0.92125982, 0.370078743, 0
vb0[35]+000 COLOR: 0.235294119, 0.200000003, 0.964705884, 0.243137255
vb0[35]+000 TEXCOORD: 0.235294119, 0.200000003, 0.964705884, 0.243137255
vb0[35]+000 TEXCOORD1: 0.235294119, 0.200000003, 0.964705884, 0.243137255
vb0[35]+000 TEXCOORD2: 0.235294119, 0.200000003, 0.964705884, 0.243137255
vb0[35]+000 TEXCOORD3: 0.235294119, 0.200000003, 0.964705884, 0.243137255
vb0[35]+000 TANGENT: 0.235294119, 0.200000003, 0.964705884, 0.243137255

vb0[36]+000 POSITION: 0.443603516, 1.74023438, -1.0703125, 1
vb0[36]+008 NORMAL: -0.14173229, 0.92125982, 0.354330719, 0
vb0[36]+000 COLOR: 0.0980392173, 0.215686277, 0.964705884, 0.243137255
vb0[36]+000 TEXCOORD: 0.0980392173, 0.215686277, 0.964705884, 0.243137255
vb0[36]+000 TEXCOORD1: 0.0980392173, 0.215686277, 0.964705884, 0.243137255
vb0[36]+000 TEXCOORD2: 0.0980392173, 0.215686277, 0.964705884, 0.243137255
vb0[36]+000 TEXCOORD3: 0.0980392173, 0.215686277, 0.964705884, 0.243137255
vb0[36]+000 TANGENT: 0.0980392173, 0.215686277, 0.964705884, 0.243137255

vb0[37]+000 POSITION: 0.520507813, 1.97851563, -1.25683594, 1
vb0[37]+008 NORMAL: -0.11023622, 0.952755928, 0.275590539, 0
vb0[37]+000 COLOR: 0.164705887, 0.219607845, 0.917647064, 0.247058824
vb0[37]+000 TEXCOORD: 0.164705887, 0.219607845, 0.917647064, 0.247058824
vb0[37]+000 TEXCOORD1: 0.164705887, 0.219607845, 0.917647064, 0.247058824
vb0[37]+000 TEXCOORD2: 0.164705887, 0.219607845, 0.917647064, 0.247058824
vb0[37]+000 TEXCOORD3: 0.164705887, 0.219607845, 0.917647064, 0.247058824
vb0[37]+000 TANGENT: 0.164705887, 0.219607845, 0.917647064, 0.247058824

vb0[38]+000 POSITION: 0.755371094, 1.97851563, -1.13085938, 1
vb0[38]+008 NORMAL: -0.165354326, 0.952755928, 0.244094491, 0
vb0[38]+000 COLOR: 0.0431372561, 0.227450982, 0.917647064, 0.247058824
vb0[38]+000 TEXCOORD: 0.0431372561, 0.227450982, 0.917647064, 0.247058824
vb0[38]+000 TEXCOORD1: 0.0431372561, 0.227450982, 0.917647064, 0.247058824
vb0[38]+000 TEXCOORD2: 0.0431372561, 0.227450982, 0.917647064, 0.247058824
vb0[38]+000 TEXCOORD3: 0.0431372561, 0.227450982, 0.917647064, 0.247058824
vb0[38]+000 TANGENT: 0.0431372561, 0.227450982, 0.917647064, 0.247058824

vb0[39]+000 POSITION: 0.644042969, 1.74023438, -0.963378906, 1
vb0[39]+008 NORMAL: -0.212598428, 0.92125982, 0.314960629, 0
vb0[39]+000 COLOR: 0.152941182, 0.223529413, 0.964705884, 0.243137255
vb0[39]+000 TEXCOORD: 0.152941182, 0.223529413, 0.964705884, 0.243137255
vb0[39]+000 TEXCOORD1: 0.152941182, 0.223529413, 0.964705884, 0.243137255
vb0[39]+000 TEXCOORD2: 0.152941182, 0.223529413, 0.964705884, 0.243137255
vb0[39]+000 TEXCOORD3: 0.152941182, 0.223529413, 0.964705884, 0.243137255
vb0[39]+000 TANGENT: 0.152941182, 0.223529413, 0.964705884, 0.243137255

vb0[40]+000 POSITION: 0.819335938, 1.74023438, -0.819335938, 1
vb0[40]+008 NORMAL: -0.267716527, 0.92125982, 0.267716527, 0
vb0[40]+000 COLOR: 0.556862772, 0.227450982, 0.964705884, 0.243137255
vb0[40]+000 TEXCOORD: 0.556862772, 0.227450982, 0.964705884, 0.243137255
vb0[40]+000 TEXCOORD1: 0.556862772, 0.227450982, 0.964705884, 0.243137255
vb0[40]+000 TEXCOORD2: 0.556862772, 0.227450982, 0.964705884, 0.243137255
vb0[40]+000 TEXCOORD3: 0.556862772, 0.227450982, 0.964705884, 0.243137255
vb0[40]+000 TANGENT: 0.556862772, 0.227450982, 0.964705884, 0.243137255

vb0[41]+000 POSITION: 0.961425781, 1.97851563, -0.961425781, 1
vb0[41]+008 NORMAL: -0.204724416, 0.952755928, 0.204724416, 0
vb0[41]+000 COLOR: 0.694117665, 0.23137255, 0.917647064, 0.247058824
vb0[41]+000 TEXCOORD: 0.694117665, 0.23137255, 0.917647064, 0.247058824
vb0[41]+000 TEXCOORD1: 0.694117665, 0.23137255, 0.917647064, 0.247058824
vb0[41]+000 TEXCOORD2: 0.694117665, 0.23137255, 0.917647064, 0.247058824
vb0[41]+000 TEXCOORD3: 0.694117665, 0.23137255, 0.917647064, 0.247058824
vb0[41]+000 TANGENT: 0.694117665, 0.23137255, 0.917647064, 0.247058824

vb0[42]+000 POSITION: 1.13085938, 1.97851563, -0.755371094, 1
vb0[42]+008 NORMAL: -0.244094491, 0.952755928, 0.165354326, 0
vb0[42]+000 COLOR: 0.525490224, 0.235294119, 0.917647064, 0.247058824
vb0[42]+000 TEXCOORD: 0.525490224, 0.235294119, 0.917647064, 0.247058824
vb0[42]+000 TEXCOORD1: 0.525490224, 0.235294119, 0.917647064, 0.247058824
vb0[42]+000 TEXCOORD2: 0.525490224, 0.235294119, 0.917647064, 0.247058824
vb0[42]+000 TEXCOORD3: 0.525490224, 0.235294119, 0.917647064, 0.247058824
vb0[42]+000 TANGENT: 0.525490224, 0.235294119, 0.917647064, 0.247058824

vb0[43]+000 POSITION: 0.963378906, 1.74023438, -0.644042969, 1
vb0[43]+008 NORMAL: -0.314960629, 0.92125982, 0.212598428, 0
vb0[43]+000 COLOR: 0.709803939, 0.23137255, 0.964705884, 0.243137255
vb0[43]+000 TEXCOORD: 0.709803939, 0.23137255, 0.964705884, 0.243137255
vb0[43]+000 TEXCOORD1: 0.709803939, 0.23137255, 0.964705884, 0.243137255
vb0[43]+000 TEXCOORD2: 0.709803939, 0.23137255, 0.964705884, 0.243137255
vb0[43]+000 TEXCOORD3: 0.709803939, 0.23137255, 0.964705884, 0.243137255
vb0[43]+000 TANGENT: 0.709803939, 0.23137255, 0.964705884, 0.243137255

vb0[44]+000 POSITION: 1.0703125, 1.74023438, -0.443603516, 1
vb0[44]+008 NORMAL: -0.354330719, 0.92125982, 0.14173229, 0
vb0[44]+000 COLOR: 0.282352954, 0.235294119, 0.964705884, 0.243137255
vb0[44]+000 TEXCOORD: 0.282352954, 0.235294119, 0.964705884, 0.243137255
vb0[44]+000 TEXCOORD1: 0.282352954, 0.235294119, 0.964705884, 0.243137255
vb0[44]+000 TEXCOORD2: 0.282352954, 0.235294119, 0.964705884, 0.243137255
vb0[44]+000 TEXCOORD3: 0.282352954, 0.235294119, 0.964705884, 0.243137255
vb0[44]+000 TANGENT: 0.282352954, 0.235294119, 0.964705884, 0.243137255

vb0[45]+000 POSITION: 1.25683594, 1.97851563, -0.520507813, 1
vb0[45]+008 NORMAL: -0.275590539, 0.952755928, 0.11023622, 0
vb0[45]+000 COLOR: 0.0274509806, 0.239215687, 0.917647064, 0.247058824
vb0[45]+000 TEXCOORD: 0.0274509806, 0.239215687, 0.917647064, 0.247058824
vb0[45]+000 TEXCOORD1: 0.0274509806, 0.239215687, 0.917647064, 0.247058824
vb0[45]+000 TEXCOORD2: 0.0274509806, 0.239215687, 0.917647064, 0.247058824
vb0[45]+000 TEXCOORD3: 0.0274509806, 0.239215687, 0.917647064, 0.247058824
vb0[45]+000 TANGENT: 0.0274509806, 0.239215687, 0.917647064, 0.247058824

vb0[46]+000 POSITION: 1.33398438, 1.97851563, -0.265380859, 1
vb0[46]+008 NORMAL: -0.291338593, 0.952755928, 0.05511811, 0
vb0[46]+000 COLOR: 0.337254912, 0.239215687, 0.917647064, 0.247058824
vb0[46]+000 TEXCOORD: 0.337254912, 0.239215687, 0.917647064, 0.247058824
vb0[46]+000 TEXCOORD1: 0.337254912, 0.239215687, 0.917647064, 0.247058824
vb0[46]+000 TEXCOORD2: 0.337254912, 0.239215687, 0.917647064, 0.247058824
vb0[46]+000 TEXCOORD3: 0.337254912, 0.239215687, 0.917647064, 0.247058824
vb0[46]+000 TANGENT: 0.337254912, 0.239215687, 0.917647064, 0.247058824

vb0[47]+000 POSITION: 1.13671875, 1.74023438, -0.226074219, 1
vb0[47]+008 NORMAL: -0.370078743, 0.92125982, 0.0708661452, 0
vb0[47]+000 COLOR: 0.549019635, 0.235294119, 0.964705884, 0.243137255
vb0[47]+000 TEXCOORD: 0.549019635, 0.235294119, 0.964705884, 0.243137255
vb0[47]+000 TEXCOORD1: 0.549019635, 0.235294119, 0.964705884, 0.243137255
vb0[47]+000 TEXCOORD2: 0.549019635, 0.235294119, 0.964705884, 0.243137255
vb0[47]+000 TEXCOORD3: 0.549019635, 0.235294119, 0.964705884, 0.243137255
vb0[47]+000 TANGENT: 0.549019635, 0.235294119, 0.964705884, 0.243137255

vb0[48]+000 POSITION: 1.15917969, 1.74023438, 2.75506488e-40, 1
vb0[48]+008 NORMAL: -0.377952754, 0.92125982, 0, 0
vb0[48]+000 COLOR: 0.639215708, 0.235294119, 0.964705884, 0.243137255
vb0[48]+000 TEXCOORD: 0.639215708, 0.235294119, 0.964705884, 0.243137255
vb0[48]+000 TEXCOORD1: 0.639215708, 0.235294119, 0.964705884, 0.243137255
vb0[48]+000 TEXCOORD2: 0.639215708, 0.235294119, 0.964705884, 0.243137255
vb0[48]+000 TEXCOORD3: 0.639215708, 0.235294119, 0.964705884, 0.243137255
vb0[48]+000 TANGENT: 0.639215708, 0.235294119, 0.964705884, 0.243137255

vb0[49]+000 POSITION: 1.36035156, 1.97851563, 2.98465363e-40, 1
vb0[49]+008 NORMAL: -0.291338593, 0.952755928, 0, 0
vb0[49]+000 COLOR: 0.443137258, 0.239215687, 0.917647064, 0.247058824
vb0[49]+000 TEXCOORD: 0.443137258, 0.239215687, 0.917647064, 0.247058824
vb0[49]+000 TEXCOORD1: 0.443137258, 0.239215687, 0.917647064, 0.247058824
vb0[49]+000 TEXCOORD2: 0.443137258, 0.239215687, 0.917647064, 0.247058824
vb0[49]+000 TEXCOORD3: 0.443137258, 0.239215687, 0.917647064, 0.247058824
vb0[49]+000 TANGENT: 0.443137258, 0.239215687, 0.917647064, 0.247058824

vb0[50]+000 POSITION: 1.33398438, 1.97851563, 0.265380859, 1
vb0[50]+008 NORMAL: -0.291338593, 0.952755928, -0.05511811, 0
vb0[50]+000 COLOR: 0.337254912, 0.239215687, 0.917647064, 0.247058824
vb0[50]+000 TEXCOORD: 0.337254912, 0.239215687, 0.917647064, 0.247058824
vb0[50]+000 TEXCOORD1: 0.337254912, 0.239215687, 0.917647064, 0.247058824
vb0[50]+000 TEXCOORD2: 0.337254912, 0.239215687, 0.917647064, 0.247058824
vb0[50]+000 TEXCOORD3: 0.337254912, 0.239215687, 0.917647064, 0.247058824
vb0[50]+000 TANGENT: 0.337254912, 0.239215687, 0.917647064, 0.247058824

vb0[51]+000 POSITION: 1.13671875, 1.74023438, 0.226074219, 1
vb0[51]+008 NORMAL: -0.370078743, 0.92125982, -0.0708661452, 0
vb0[51]+000 COLOR: 0.549019635, 0.235294119, 0.964705884, 0.243137255
vb0[51]+000 TEXCOORD: 0.549019635, 0.235294119, 0.964705884, 0.243137255
vb0[51]+000 TEXCOORD1: 0.549019635, 0.235294119, 0.964705884, 0.243137255
vb0[51]+000 TEXCOORD2: 0.549019635, 0.235294119, 0.964705884, 0.243137255
vb0[51]+000 TEXCOORD3: 0.549019635, 0.235294119, 0.964705884, 0.243137255
vb0[51]+000 TANGENT: 0.549019635, 0.235294119, 0.964705884, 0.243137255

vb0[52]+000 POSITION: 1.25683594, 1.97851563, 0.520507813, 1
vb0[52]+008 NORMAL: -0.275590539, 0.952755928, -0.11023622, 0
vb0[52]+000 COLOR: 0.0274509806, 0.239215687, 0.917647064, 0.247058824
vb0[52]+000 TEXCOORD: 0.0274509806, 0.239215687, 0.917647064, 0.247058824
vb0[52]+000 TEXCOORD1: 0.0274509806, 0.239215687, 0.917647064, 0.247058824
vb0[52]+000 TEXCOORD2: 0.0274509806, 0.239215687, 0.917647064, 0.247058824
vb0[52]+000 TEXCOORD3: 0.0274509806, 0.239215687, 0.917647064, 0.247058824
vb0[52]+000 TANGENT: 0.0274509806, 0.239215687, 0.917647064, 0.247058824

vb0[53]+000 POSITION: 1.0703125, 1.74023438, 0.443603516, 1
vb0[53]+008 NORMAL: -0.354330719, 0.92125982, -0.14173229, 0
vb0[53]+000 COLOR: 0.282352954, 0.235294119, 0.964705884, 0.243137255
vb0[53]+000 TEXCOORD: 0.282352954, 0.235294119, 0.964705884, 0.243137255
vb0[53]+000 TEXCOORD1: 0.282352954, 0.235294119, 0.964705884, 0.243137255
vb0[53]+000 TEXCOORD2: 0.282352954, 0.235294119, 0.964705884, 0.243137255
vb0[53]+000 TEXCOORD3: 0.282352954, 0.235294119, 0.964705884, 0.243137255
vb0[53]+000 TANGENT: 0.282352954, 0.235294119, 0.964705884, 0.243137255

vb0[54]+000 POSITION: 1.13085938, 1.97851563, 0.755371094, 1
vb0[54]+008 NORMAL: -0.244094491, 0.952755928, -0.165354326, 0
vb0[54]+000 COLOR: 0.525490224, 0.235294119, 0.917647064, 0.247058824
vb0[54]+000 TEXCOORD: 0.525490224, 0.235294119, 0.917647064, 0.247058824
vb0[54]+000 TEXCOORD1: 0.525490224, 0.235294119, 0.917647064, 0.247058824
vb0[54]+000 TEXCOORD2: 0.525490224, 0.235294119, 0.917647064, 0.247058824
vb0[54]+000 TEXCOORD3: 0.525490224, 0.235294119, 0.917647064, 0.247058824
vb0[54]+000 TANGENT: 0.525490224, 0.235294119, 0.917647064, 0.247058824

vb0[55]+000 POSITION: 0.963378906, 1.74023438, 0.644042969, 1
vb0[55]+008 NORMAL: -0.314960629, 0.92125982, -0.212598428, 0
vb0[55]+000 COLOR: 0.709803939, 0.23137255, 0.964705884, 0.243137255
vb0[55]+000 TEXCOORD: 0.709803939, 0.23137255, 0.964705884, 0.243137255
vb0[55]+000 TEXCOORD1: 0.709803939, 0.23137255, 0.964705884, 0.243137255
vb0[55]+000 TEXCOORD2: 0.709803939, 0.23137255, 0.964705884, 0.243137255
vb0[55]+000 TEXCOORD3: 0.709803939, 0.23137255, 0.964705884, 0.243137255
vb0[55]+000 TANGENT: 0.709803939, 0.23137255, 0.964705884, 0.243137255

vb0[56]+000 POSITION: 0.961425781, 1.97851563, 0.961425781, 1
vb0[56]+008 NORMAL: -0.204724416, 0.952755928, -0.204724416, 0
vb0[56]+000 COLOR: 0.694117665, 0.23137255, 0.917647064, 0.247058824
vb0[56]+000 TEXCOORD: 0.694117665, 0.23137255, 0.917647064, 0.247058824
vb0[56]+000 TEXCOORD1: 0.694117665, 0.23137255, 0.917647064, 0.247058824
vb0[56]+000 TEXCOORD2: 0.694117665, 0.23137255, 0.917647064, 0.247058824
vb0[56]+000 TEXCOORD3: 0.694117665, 0.23137255, 0.917647064, 0.247058824
vb0[56]+000 TANGENT: 0.694117665, 0.23137255, 0.917647064, 0.247058824

vb0[57]+000 POSITION: 0.819335938, 1.74023438, 0.819335938, 1
vb0[57]+008 NORMAL: -0.267716527, 0.92125982, -0.267716527, 0
vb0[57]+000 COLOR: 0.556862772, 0.227450982, 0.964705884, 0.243137255
vb0[57]+000 TEXCOORD: 0.556862772, 0.227450982, 0.964705884, 0.243137255
vb0[57]+000 TEXCOORD1: 0.556862772, 0.227450982, 0.964705884, 0.243137255
vb0[57]+000 TEXCOORD2: 0.556862772, 0.227450982, 0.964705884, 0.243137255
vb0[57]+000 TEXCOORD3: 0.556862772, 0.227450982, 0.964705884, 0.243137255
vb0[57]+000 TANGENT: 0.556862772, 0.227450982, 0.964705884, 0.243137255

vb0[58]+000 POSITION: 0.755371094, 1.97851563, 1.13085938, 1
vb0[58]+008 NORMAL: -0.165354326, 0.952755928, -0.244094491, 0
vb0[58]+000 COLOR: 0.0431372561, 0.227450982, 0.917647064, 0.247058824
vb0[58]+000 TEXCOORD: 0.0431372561, 0.227450982, 0.917647064, 0.247058824
vb0[58]+000 TEXCOORD1: 0.0431372561, 0.227450982, 0.917647064, 0.247058824
vb0[58]+000 TEXCOORD2: 0.0431372561, 0.227450982, 0.917647064, 0.247058824
vb0[58]+000 TEXCOORD3: 0.0431372561, 0.227450982, 0.917647064, 0.247058824
vb0[58]+000 TANGENT: 0.0431372561, 0.227450982, 0.917647064, 0.247058824

vb0[59]+000 POSITION: 0.644042969, 1.74023438, 0.963378906, 1
vb0[59]+008 NORMAL: -0.212598428, 0.92125982, -0.314960629, 0
vb0[59]+000 COLOR: 0.152941182, 0.223529413, 0.964705884, 0.243137255
vb0[59]+000 TEXCOORD: 0.152941182, 0.223529413, 0.964705884, 0.243137255
vb0[59]+000 TEXCOORD1: 0.152941182, 0.223529413, 0.964705884, 0.243137255
vb0[59]+000 TEXCOORD2: 0.152941182, 0.223529413, 0.964705884, 0.243137255
vb0[59]+000 TEXCOORD3: 0.152941182, 0.223529413, 0.964705884, 0.243137255
vb0[59]+000 TANGENT: 0.152941182, 0.223529413, 0.964705884, 0.243137255

vb0[60]+000 POSITION: 0.520507813, 1.97851563, 1.25683594, 1
vb0[60]+008 NORMAL: -0.11023622, 0.952755928, -0.275590539, 0
vb0[60]+000 COLOR: 0.164705887, 0.219607845, 0.917647064, 0.247058824
vb0[60]+000 TEXCOORD: 0.164705887, 0.219607845, 0.917647064, 0.247058824
vb0[60]+000 TEXCOORD1: 0.164705887, 0.219607845, 0.917647064, 0.247058824
vb0[60]+000 TEXCOORD2: 0.164705887, 0.219607845, 0.917647064, 0.247058824
vb0[60]+000 TEXCOORD3: 0.164705887, 0.219607845, 0.917647064, 0.247058824
vb0[60]+000 TANGENT: 0.164705887, 0.219607845, 0.917647064, 0.247058824

vb0[61]+000 POSITION: 0.443603516, 1.74023438, 1.0703125, 1
vb0[61]+008 NORMAL: -0.14173229, 0.92125982, -0.354330719, 0
vb0[61]+000 COLOR: 0.0980392173, 0.215686277, 0.964705884, 0.243137255
vb0[61]+000 TEXCOORD: 0.0980392173, 0.215686277, 0.964705884, 0.243137255
vb0[61]+000 TEXCOORD1: 0.0980392173, 0.215686277, 0.964705884, 0.243137255
vb0[61]+000 TEXCOORD2: 0.0980392173, 0.215686277, 0.964705884, 0.243137255
vb0[61]+000 TEXCOORD3: 0.0980392173, 0.215686277, 0.964705884, 0.243137255
vb0[61]+000 TANGENT: 0.0980392173, 0.215686277, 0.964705884, 0.243137255

vb0[62]+000 POSITION: 0.265380859, 1.97851563, 1.33398438, 1
vb0[62]+008 NORMAL: -0.05511811, 0.952755928, -0.291338593, 0
vb0[62]+000 COLOR: 0.247058824, 0.203921571, 0.917647064, 0.247058824
vb0[62]+000 TEXCOORD: 0.247058824, 0.203921571, 0.917647064, 0.247058824
vb0[62]+000 TEXCOORD1: 0.247058824, 0.203921571, 0.917647064, 0.247058824
vb0[62]+000 TEXCOORD2: 0.247058824, 0.203921571, 0.917647064, 0.247058824
vb0[62]+000 TEXCOORD3: 0.247058824, 0.203921571, 0.917647064, 0.247058824
vb0[62]+000 TANGENT: 0.247058824, 0.203921571, 0.917647064, 0.247058824

vb0[63]+000 POSITION: 0.226074219, 1.74023438, 1.13671875, 1
vb0[63]+008 NORMAL: -0.0708661452, 0.92125982, -0.370078743, 0
vb0[63]+000 COLOR: 0.235294119, 0.200000003, 0.964705884, 0.243137255
vb0[63]+000 TEXCOORD: 0.235294119, 0.200000003, 0.964705884, 0.243137255
vb0[63]+000 TEXCOORD1: 0.235294119, 0.200000003, 0.964705884, 0.243137255
vb0[63]+000 TEXCOORD2: 0.235294119, 0.200000003, 0.964705884, 0.243137255
vb0[63]+000 TEXCOORD3: 0.235294119, 0.200000003, 0.964705884, 0.243137255
vb0[63]+000 TANGENT: 0.235294119, 0.200000003, 0.964705884, 0.243137255

vb0[64]+000 POSITION: 0.506347656, 1.31933594, 0.153686523, 1
vb0[64]+008 NORMAL: -0.645669281, 0.748031497, -0.125984251, 0
vb0[64]+000 COLOR: 0.0509803928, 0.219607845, 0.278431386, 0.239215687
vb0[64]+000 TEXCOORD: 0.0509803928, 0.219607845, 0.278431386, 0.239215687
vb0[64]+000 TEXCOORD1: 0.0509803928, 0.219607845, 0.278431386, 0.239215687
vb0[64]+000 TEXCOORD2: 0.0509803928, 0.219607845, 0.278431386, 0.239215687
vb0[64]+000 TEXCOORD3: 0.0509803928, 0.219607845, 0.278431386, 0.239215687
vb0[64]+000 TANGENT: 0.0509803928, 0.219607845, 0.278431386, 0.239215687

vb0[65]+000 POSITION: 0.526855469, 1.31933594, -0.0518798828, 1
vb0[65]+008 NORMAL: -0.645669281, 0.748031497, 0.125984251, 0
vb0[65]+000 COLOR: 0.215686277, 0.219607845, 0.278431386, 0.239215687
vb0[65]+000 TEXCOORD: 0.215686277, 0.219607845, 0.278431386, 0.239215687
vb0[65]+000 TEXCOORD1: 0.215686277, 0.219607845, 0.278431386, 0.239215687
vb0[65]+000 TEXCOORD2: 0.215686277, 0.219607845, 0.278431386, 0.239215687
vb0[65]+000 TEXCOORD3: 0.215686277, 0.219607845, 0.278431386, 0.239215687
vb0[65]+000 TANGENT: 0.215686277, 0.219607845, 0.278431386, 0.239215687

vb0[66]+000 POSITION: 0.466796875, 1.31933594, -0.249511719, 1
vb0[66]+008 NORMAL: -0.551181078, 0.748031497, 0.370078743, 0
vb0[66]+000 COLOR: 0.470588237, 0.215686277, 0.278431386, 0.239215687
vb0[66]+000 TEXCOORD: 0.470588237, 0.215686277, 0.278431386, 0.239215687
vb0[66]+000 TEXCOORD1: 0.470588237, 0.215686277, 0.278431386, 0.239215687
vb0[66]+000 TEXCOORD2: 0.470588237, 0.215686277, 0.278431386, 0.239215687
vb0[66]+000 TEXCOORD3: 0.470588237, 0.215686277, 0.278431386, 0.239215687
vb0[66]+000 TANGENT: 0.470588237, 0.215686277, 0.278431386, 0.239215687

vb0[67]+000 POSITION: 0.335693359, 1.31933594, -0.409179688, 1
vb0[67]+008 NORMAL: -0.370078743, 0.748031497, 0.551181078, 0
vb0[67]+000 COLOR: 0.372549027, 0.20784314, 0.278431386, 0.239215687
vb0[67]+000 TEXCOORD: 0.372549027, 0.20784314, 0.278431386, 0.239215687
vb0[67]+000 TEXCOORD1: 0.372549027, 0.20784314, 0.278431386, 0.239215687
vb0[67]+000 TEXCOORD2: 0.372549027, 0.20784314, 0.278431386, 0.239215687
vb0[67]+000 TEXCOORD3: 0.372549027, 0.20784314, 0.278431386, 0.239215687
vb0[67]+000 TANGENT: 0.372549027, 0.20784314, 0.278431386, 0.239215687

vb0[68]+000 POSITION: 0.153686523, 1.31933594, -0.506347656, 1
vb0[68]+008 NORMAL: -0.125984251, 0.748031497, 0.645669281, 0
vb0[68]+000 COLOR: 0.921568632, 0.188235298, 0.278431386, 0.239215687
vb0[68]+000 TEXCOORD: 0.921568632, 0.188235298, 0.278431386, 0.239215687
vb0[68]+000 TEXCOORD1: 0.921568632, 0.188235298, 0.278431386, 0.239215687
vb0[68]+000 TEXCOORD2: 0.921568632, 0.188235298, 0.278431386, 0.239215687
vb0[68]+000 TEXCOORD3: 0.921568632, 0.188235298, 0.278431386, 0.239215687
vb0[68]+000 TANGENT: 0.921568632, 0.188235298, 0.278431386, 0.239215687

vb0[69]+000 POSITION: -0.0518798828, 1.31933594, -0.526855469, 1
vb0[69]+008 NORMAL: 0.125984251, 0.748031497, 0.645669281, 0
vb0[69]+000 COLOR: 0.643137276, 0.666666687, 0.278431386, 0.239215687
vb0[69]+000 TEXCOORD: 0.643137276, 0.666666687, 0.278431386, 0.239215687
vb0[69]+000 TEXCOORD1: 0.643137276, 0.666666687, 0.278431386, 0.239215687
vb0[69]+000 TEXCOORD2: 0.643137276, 0.666666687, 0.278431386, 0.239215687
vb0[69]+000 TEXCOORD3: 0.643137276, 0.666666687, 0.278431386, 0.239215687
vb0[69]+000 TANGENT: 0.643137276, 0.666666687, 0.278431386, 0.239215687

vb0[70]+000 POSITION: -0.249511719, 1.31933594, -0.466796875, 1
vb0[70]+008 NORMAL: 0.370078743, 0.748031497, 0.551181078, 0
vb0[70]+000 COLOR: 0.988235295, 0.701960802, 0.278431386, 0.239215687
vb0[70]+000 TEXCOORD: 0.988235295, 0.701960802, 0.278431386, 0.239215687
vb0[70]+000 TEXCOORD1: 0.988235295, 0.701960802, 0.278431386, 0.239215687
vb0[70]+000 TEXCOORD2: 0.988235295, 0.701960802, 0.278431386, 0.239215687
vb0[70]+000 TEXCOORD3: 0.988235295, 0.701960802, 0.278431386, 0.239215687
vb0[70]+000 TANGENT: 0.988235295, 0.701960802, 0.278431386, 0.239215687

vb0[71]+000 POSITION: -0.409179688, 1.31933594, -0.335693359, 1
vb0[71]+008 NORMAL: 0.551181078, 0.748031497, 0.370078743, 0
vb0[71]+000 COLOR: 0.549019635, 0.713725507, 0.278431386, 0.239215687
vb0[71]+000 TEXCOORD: 0.549019635, 0.713725507, 0.278431386, 0.239215687
vb0[71]+000 TEXCOORD1: 0.549019635, 0.713725507, 0.278431386, 0.239215687
vb0[71]+000 TEXCOORD2: 0.549019635, 0.713725507, 0.278431386, 0.239215687
vb0[71]+000 TEXCOORD3: 0.549019635, 0.713725507, 0.278431386, 0.239215687
vb0[71]+000 TANGENT: 0.549019635, 0.713725507, 0.278431386, 0.239215687

vb0[72]+000 POSITION: -0.506347656, 1.31933594, -0.153686523, 1
vb0[72]+008 NORMAL: 0.645669281, 0.748031497, 0.125984251, 0
vb0[72]+000 COLOR: 0.0509803928, 0.721568644, 0.278431386, 0.239215687
vb0[72]+000 TEXCOORD: 0.0509803928, 0.721568644, 0.278431386, 0.239215687
vb0[72]+000 TEXCOORD1: 0.0509803928, 0.721568644, 0.278431386, 0.239215687
vb0[72]+000 TEXCOORD2: 0.0509803928, 0.721568644, 0.278431386, 0.239215687
vb0[72]+000 TEXCOORD3: 0.0509803928, 0.721568644, 0.278431386, 0.239215687
vb0[72]+000 TANGENT: 0.0509803928, 0.721568644, 0.278431386, 0.239215687

vb0[73]+000 POSITION: -0.526855469, 1.31933594, 0.0518798828, 1
vb0[73]+008 NORMAL: 0.645669281, 0.748031497, -0.125984251, 0
vb0[73]+000 COLOR: 0.215686277, 0.721568644, 0.278431386, 0.239215687
vb0[73]+000 TEXCOORD: 0.215686277, 0.721568644, 0.278431386, 0.239215687
vb0[73]+000 TEXCOORD1: 0.215686277, 0.721568644, 0.278431386, 0.239215687
vb0[73]+000 TEXCOORD2: 0.215686277, 0.721568644, 0.278431386, 0.239215687
vb0[73]+000 TEXCOORD3: 0.215686277, 0.721568644, 0.278431386, 0.239215687
vb0[73]+000 TANGENT: 0.215686277, 0.721568644, 0.278431386, 0.239215687

vb0[74]+000 POSITION: -0.466796875, 1.31933594, 0.249511719, 1
vb0[74]+008 NORMAL: 0.551181078, 0.748031497, -0.370078743, 0
vb0[74]+000 COLOR: 0.470588237, 0.717647076, 0.278431386, 0.239215687
vb0[74]+000 TEXCOORD: 0.470588237, 0.717647076, 0.278431386, 0.239215687
vb0[74]+000 TEXCOORD1: 0.470588237, 0.717647076, 0.278431386, 0.239215687
vb0[74]+000 TEXCOORD2: 0.470588237, 0.717647076, 0.278431386, 0.239215687
vb0[74]+000 TEXCOORD3: 0.470588237, 0.717647076, 0.278431386, 0.239215687
vb0[74]+000 TANGENT: 0.470588237, 0.717647076, 0.278431386, 0.239215687

vb0[75]+000 POSITION: -0.335693359, 1.31933594, 0.409179688, 1
vb0[75]+008 NORMAL: 0.370078743, 0.748031497, -0.551181078, 0
vb0[75]+000 COLOR: 0.372549027, 0.709803939, 0.278431386, 0.239215687
vb0[75]+000 TEXCOORD: 0.372549027, 0.709803939, 0.278431386, 0.239215687
vb0[75]+000 TEXCOORD1: 0.372549027, 0.709803939, 0.278431386, 0.239215687
vb0[75]+000 TEXCOORD2: 0.372549027, 0.709803939, 0.278431386, 0.239215687
vb0[75]+000 TEXCOORD3: 0.372549027, 0.709803939, 0.278431386, 0.239215687
vb0[75]+000 TANGENT: 0.372549027, 0.709803939, 0.278431386, 0.239215687

vb0[76]+000 POSITION: -0.153686523, 1.31933594, 0.506347656, 1
vb0[76]+008 NORMAL: 0.125984251, 0.748031497, -0.645669281, 0
vb0[76]+000 COLOR: 0.921568632, 0.690196097, 0.278431386, 0.239215687
vb0[76]+000 TEXCOORD: 0.921568632, 0.690196097, 0.278431386, 0.239215687
vb0[76]+000 TEXCOORD1: 0.921568632, 0.690196097, 0.278431386, 0.239215687
vb0[76]+000 TEXCOORD2: 0.921568632, 0.690196097, 0.278431386, 0.239215687
vb0[76]+000 TEXCOORD3: 0.921568632, 0.690196097, 0.278431386, 0.239215687
vb0[76]+000 TANGENT: 0.921568632, 0.690196097, 0.278431386, 0.239215687

vb0[77]+000 POSITION: 0.0518798828, 1.31933594, 0.526855469, 1
vb0[77]+008 NORMAL: 0, 0.748031497, -0.661417305, 0
vb0[77]+000 COLOR: 0.643137276, 0.164705887, 0.278431386, 0.239215687
vb0[77]+000 TEXCOORD: 0.643137276, 0.164705887, 0.278431386, 0.239215687
vb0[77]+000 TEXCOORD1: 0.643137276, 0.164705887, 0.278431386, 0.239215687
vb0[77]+000 TEXCOORD2: 0.643137276, 0.164705887, 0.278431386, 0.239215687
vb0[77]+000 TEXCOORD3: 0.643137276, 0.164705887, 0.278431386, 0.239215687
vb0[77]+000 TANGENT: 0.643137276, 0.164705887, 0.278431386, 0.239215687

vb0[78]+000 POSITION: 0.249511719, 1.31933594, 0.466796875, 1
vb0[78]+008 NORMAL: -0.370078743, 0.748031497, -0.551181078, 0
vb0[78]+000 COLOR: 0.988235295, 0.200000003, 0.278431386, 0.239215687
vb0[78]+000 TEXCOORD: 0.988235295, 0.200000003, 0.278431386, 0.239215687
vb0[78]+000 TEXCOORD1: 0.988235295, 0.200000003, 0.278431386, 0.239215687
vb0[78]+000 TEXCOORD2: 0.988235295, 0.200000003, 0.278431386, 0.239215687
vb0[78]+000 TEXCOORD3: 0.988235295, 0.200000003, 0.278431386, 0.239215687
vb0[78]+000 TANGENT: 0.988235295, 0.200000003, 0.278431386, 0.239215687

vb0[79]+000 POSITION: 0.409179688, 1.31933594, 0.335693359, 1
vb0[79]+008 NORMAL: -0.551181078, 0.748031497, -0.370078743, 0
vb0[79]+000 COLOR: 0.549019635, 0.211764708, 0.278431386, 0.239215687
vb0[79]+000 TEXCOORD: 0.549019635, 0.211764708, 0.278431386, 0.239215687
vb0[79]+000 TEXCOORD1: 0.549019635, 0.211764708, 0.278431386, 0.239215687
vb0[79]+000 TEXCOORD2: 0.549019635, 0.211764708, 0.278431386, 0.239215687
vb0[79]+000 TEXCOORD3: 0.549019635, 0.211764708, 0.278431386, 0.239215687
vb0[79]+000 TANGENT: 0.549019635, 0.211764708, 0.278431386, 0.239215687

vb0[80]+000 POSITION: -0.0999145508, 0.842285156, 0.187011719, 1
vb0[80]+008 NORMAL: 0.173228353, 0.44094488, -0.88188976, 0
vb0[80]+000 COLOR: 0.396078438, 0.68235296, 0.741176486, 0.227450982
vb0[80]+000 TEXCOORD: 0.396078438, 0.68235296, 0.741176486, 0.227450982
vb0[80]+000 TEXCOORD1: 0.396078438, 0.68235296, 0.741176486, 0.227450982
vb0[80]+000 TEXCOORD2: 0.396078438, 0.68235296, 0.741176486, 0.227450982
vb0[80]+000 TEXCOORD3: 0.396078438, 0.68235296, 0.741176486, 0.227450982
vb0[80]+000 TANGENT: 0.396078438, 0.68235296, 0.741176486, 0.227450982

vb0[81]+000 POSITION: 0.0615539551, 0.842285156, 0.202880859, 1
vb0[81]+008 NORMAL: 0, 0.44094488, -0.897637784, 0
vb0[81]+000 COLOR: 0.882352948, 0.168627456, 0.741176486, 0.227450982
vb0[81]+000 TEXCOORD: 0.882352948, 0.168627456, 0.741176486, 0.227450982
vb0[81]+000 TEXCOORD1: 0.882352948, 0.168627456, 0.741176486, 0.227450982
vb0[81]+000 TEXCOORD2: 0.882352948, 0.168627456, 0.741176486, 0.227450982
vb0[81]+000 TEXCOORD3: 0.882352948, 0.168627456, 0.741176486, 0.227450982
vb0[81]+000 TANGENT: 0.882352948, 0.168627456, 0.741176486, 0.227450982

vb0[82]+000 POSITION: 0, -0, -1.1479437e-41, 1
vb0[82]+008 NORMAL: 0, 1, 0, 0
vb0[82]+000 COLOR: 0, 0, 0, 0.501960814
vb0[82]+000 TEXCOORD: 0, 0, 0, 0.501960814
vb0[82]+000 TEXCOORD1: 0, 0, 0, 0.501960814
vb0[82]+000 TEXCOORD2: 0, 0, 0, 0.501960814
vb0[82]+000 TEXCOORD3: 0, 0, 0, 0.501960814
vb0[82]+000 TANGENT: 0, 0, 0, 0.501960814

vb0[83]+000 POSITION: -0.202880859, 0.842285156, 0.0615539551, 1
vb0[83]+008 NORMAL: 0.748031497, 0.44094488, -0.496062994, 0
vb0[83]+000 COLOR: 0.494117647, 0.698039234, 0.741176486, 0.227450982
vb0[83]+000 TEXCOORD: 0.494117647, 0.698039234, 0.741176486, 0.227450982
vb0[83]+000 TEXCOORD1: 0.494117647, 0.698039234, 0.741176486, 0.227450982
vb0[83]+000 TEXCOORD2: 0.494117647, 0.698039234, 0.741176486, 0.227450982
vb0[83]+000 TEXCOORD3: 0.494117647, 0.698039234, 0.741176486, 0.227450982
vb0[83]+000 TANGENT: 0.494117647, 0.698039234, 0.741176486, 0.227450982

vb0[84]+000 POSITION: -0.187011719, 0.842285156, -0.0999145508, 1
vb0[84]+008 NORMAL: 0.88188976, 0.44094488, 0.173228353, 0
vb0[84]+000 COLOR: 0.988235295, 0.694117665, 0.741176486, 0.227450982
vb0[84]+000 TEXCOORD: 0.988235295, 0.694117665, 0.741176486, 0.227450982
vb0[84]+000 TEXCOORD1: 0.988235295, 0.694117665, 0.741176486, 0.227450982
vb0[84]+000 TEXCOORD2: 0.988235295, 0.694117665, 0.741176486, 0.227450982
vb0[84]+000 TEXCOORD3: 0.988235295, 0.694117665, 0.741176486, 0.227450982
vb0[84]+000 TANGENT: 0.988235295, 0.694117665, 0.741176486, 0.227450982

vb0[85]+000 POSITION: -0.0615539551, 0.842285156, -0.202880859, 1
vb0[85]+008 NORMAL: 0.496062994, 0.44094488, 0.748031497, 0
vb0[85]+000 COLOR: 0.882352948, 0.670588255, 0.741176486, 0.227450982
vb0[85]+000 TEXCOORD: 0.882352948, 0.670588255, 0.741176486, 0.227450982
vb0[85]+000 TEXCOORD1: 0.882352948, 0.670588255, 0.741176486, 0.227450982
vb0[85]+000 TEXCOORD2: 0.882352948, 0.670588255, 0.741176486, 0.227450982
vb0[85]+000 TEXCOORD3: 0.882352948, 0.670588255, 0.741176486, 0.227450982
vb0[85]+000 TANGENT: 0.882352948, 0.670588255, 0.741176486, 0.227450982

vb0[86]+000 POSITION: 0.0999145508, 0.842285156, -0.187011719, 1
vb0[86]+008 NORMAL: -0.173228353, 0.44094488, 0.88188976, 0
vb0[86]+000 COLOR: 0.396078438, 0.180392161, 0.741176486, 0.227450982
vb0[86]+000 TEXCOORD: 0.396078438, 0.180392161, 0.741176486, 0.227450982
vb0[86]+000 TEXCOORD1: 0.396078438, 0.180392161, 0.741176486, 0.227450982
vb0[86]+000 TEXCOORD2: 0.396078438, 0.180392161, 0.741176486, 0.227450982
vb0[86]+000 TEXCOORD3: 0.396078438, 0.180392161, 0.741176486, 0.227450982
vb0[86]+000 TANGENT: 0.396078438, 0.180392161, 0.741176486, 0.227450982

vb0[87]+000 POSITION: 0.202880859, 0.842285156, -0.0615539551, 1
vb0[87]+008 NORMAL: -0.748031497, 0.44094488, 0.496062994, 0
vb0[87]+000 COLOR: 0.494117647, 0.196078435, 0.741176486, 0.227450982
vb0[87]+000 TEXCOORD: 0.494117647, 0.196078435, 0.741176486, 0.227450982
vb0[87]+000 TEXCOORD1: 0.494117647, 0.196078435, 0.741176486, 0.227450982
vb0[87]+000 TEXCOORD2: 0.494117647, 0.196078435, 0.741176486, 0.227450982
vb0[87]+000 TEXCOORD3: 0.494117647, 0.196078435, 0.741176486, 0.227450982
vb0[87]+000 TANGENT: 0.494117647, 0.196078435, 0.741176486, 0.227450982

vb0[88]+000 POSITION: 0.187011719, 0.842285156, 0.0999145508, 1
vb0[88]+008 NORMAL: -0.88188976, 0.44094488, -0.173228353, 0
vb0[88]+000 COLOR: 0.988235295, 0.192156866, 0.741176486, 0.227450982
vb0[88]+000 TEXCOORD: 0.988235295, 0.192156866, 0.741176486, 0.227450982
vb0[88]+000 TEXCOORD1: 0.988235295, 0.192156866, 0.741176486, 0.227450982
vb0[88]+000 TEXCOORD2: 0.988235295, 0.192156866, 0.741176486, 0.227450982
vb0[88]+000 TEXCOORD3: 0.988235295, 0.192156866, 0.741176486, 0.227450982
vb0[88]+000 TANGENT: 0.988235295, 0.192156866, 0.741176486, 0.227450982
