byte offset: 0
first index: 0
index count: 1536
topology: trianglelist
format: DXGI_FORMAT_R16_UINT

0 1 18
0 18 17
17 18 35
17 35 34
34 35 52
34 52 51
51 52 69
51 69 68
68 69 86
68 86 85
85 86 103
85 103 102
102 103 120
102 120 119
119 120 137
119 137 136
136 137 154
136 154 153
153 154 171
153 171 170
170 171 188
170 188 187
187 188 205
187 205 204
204 205 222
204 222 221
221 222 239
221 239 238
238 239 256
238 256 255
255 256 273
255 273 272
1 2 19
1 19 18
18 19 36
18 36 35
35 36 53
35 53 52
52 53 70
52 70 69
69 70 87
69 87 86
86 87 104
86 104 103
103 104 121
103 121 120
120 121 138
120 138 137
137 138 155
137 155 154
154 155 172
154 172 171
171 172 189
171 189 188
188 189 206
188 206 205
205 206 223
205 223 222
222 223 240
222 240 239
239 240 257
239 257 256
256 257 274
256 274 273
2 3 20
2 20 19
19 20 37
19 37 36
36 37 54
36 54 53
53 54 71
53 71 70
70 71 88
70 88 87
87 88 105
87 105 104
104 105 122
104 122 121
121 122 139
121 139 138
138 139 156
138 156 155
155 156 173
155 173 172
172 173 190
172 190 189
189 190 207
189 207 206
206 207 224
206 224 223
223 224 241
223 241 240
240 241 258
240 258 257
257 258 275
257 275 274
3 4 21
3 21 20
20 21 38
20 38 37
37 38 55
37 55 54
54 55 72
54 72 71
71 72 89
71 89 88
88 89 106
88 106 105
105 106 123
105 123 122
122 123 140
122 140 139
139 140 157
139 157 156
156 157 174
156 174 173
173 174 191
173 191 190
190 191 208
190 208 207
207 208 225
207 225 224
224 225 242
224 242 241
241 242 259
241 259 258
258 259 276
258 276 275
4 5 22
4 22 21
21 22 39
21 39 38
38 39 56
38 56 55
55 56 73
55 73 72
72 73 90
72 90 89
89 90 107
89 107 106
106 107 124
106 124 123
123 124 141
123 141 140
140 141 158
140 158 157
157 158 175
157 175 174
174 175 192
174 192 191
191 192 209
191 209 208
208 209 226
208 226 225
225 226 243
225 243 242
242 243 260
242 260 259
259 260 277
259 277 276
5 6 23
5 23 22
22 23 40
22 40 39
39 40 57
39 57 56
56 57 74
56 74 73
73 74 91
73 91 90
90 91 108
90 108 107
107 108 125
107 125 124
124 125 142
124 142 141
141 142 159
141 159 158
158 159 176
158 176 175
175 176 193
175 193 192
192 193 210
192 210 209
209 210 227
209 227 226
226 227 244
226 244 243
243 244 261
243 261 260
260 261 278
260 278 277
6 7 24
6 24 23
23 24 41
23 41 40
40 41 58
40 58 57
57 58 75
57 75 74
74 75 92
74 92 91
91 92 109
91 109 108
108 109 126
108 126 125
125 126 143
125 143 142
142 143 160
142 160 159
159 160 177
159 177 176
176 177 194
176 194 193
193 194 211
193 211 210
210 211 228
210 228 227
227 228 245
227 245 244
244 245 262
244 262 261
261 262 279
261 279 278
7 8 25
7 25 24
24 25 42
24 42 41
41 42 59
41 59 58
58 59 76
58 76 75
75 76 93
75 93 92
92 93 110
92 110 109
109 110 127
109 127 126
126 127 144
126 144 143
143 144 161
143 161 160
160 161 178
160 178 177
177 178 195
177 195 194
194 195 212
194 212 211
211 212 229
211 229 228
228 229 246
228 246 245
245 246 263
245 263 262
262 263 280
262 280 279
8 9 26
8 26 25
25 26 43
25 43 42
42 43 60
42 60 59
59 60 77
59 77 76
76 77 94
76 94 93
93 94 111
93 111 110
110 111 128
110 128 127
127 128 145
127 145 144
144 145 162
144 162 161
161 162 179
161 179 178
178 179 196
178 196 195
195 196 213
195 213 212
212 213 230
212 230 229
229 230 247
229 247 246
246 247 264
246 264 263
263 264 281
263 281 280
9 10 27
9 27 26
26 27 44
26 44 43
43 44 61
43 61 60
60 61 78
60 78 77
77 78 95
77 95 94
94 95 112
94 112 111
111 112 129
111 129 128
128 129 146
128 146 145
145 146 163
145 163 162
162 163 180
162 180 179
179 180 197
179 197 196
196 197 214
196 214 213
213 214 231
213 231 230
230 231 248
230 248 247
247 248 265
247 265 264
264 265 282
264 282 281
10 11 28
10 28 27
27 28 45
27 45 44
44 45 62
44 62 61
61 62 79
61 79 78
78 79 96
78 96 95
95 96 113
95 113 112
112 113 130
112 130 129
129 130 147
129 147 146
146 147 164
146 164 163
163 164 181
163 181 180
180 181 198
180 198 197
197 198 215
197 215 214
214 215 232
214 232 231
231 232 249
231 249 248
248 249 266
248 266 265
265 266 283
265 283 282
11 12 29
11 29 28
28 29 46
28 46 45
45 46 63
45 63 62
62 63 80
62 80 79
79 80 97
79 97 96
96 97 114
96 114 113
113 114 131
113 131 130
130 131 148
130 148 147
147 148 165
147 165 164
164 165 182
164 182 181
181 182 199
181 199 198
198 199 216
198 216 215
215 216 233
215 233 232
232 233 250
232 250 249
249 250 267
249 267 266
266 267 284
266 284 283
12 13 30
12 30 29
29 30 47
29 47 46
46 47 64
46 64 63
63 64 81
63 81 80
80 81 98
80 98 97
97 98 115
97 115 114
114 115 132
114 132 131
131 132 149
131 149 148
148 149 166
148 166 165
165 166 183
165 183 182
182 183 200
182 200 199
199 200 217
199 217 216
216 217 234
216 234 233
233 234 251
233 251 250
250 251 268
250 268 267
267 268 285
267 285 284
13 14 31
13 31 30
30 31 48
30 48 47
47 48 65
47 65 64
64 65 82
64 82 81
81 82 99
81 99 98
98 99 116
98 116 115
115 116 133
115 133 132
132 133 150
132 150 149
149 150 167
149 167 166
166 167 184
166 184 183
183 184 201
183 201 200
200 201 218
200 218 217
217 218 235
217 235 234
234 235 252
234 252 251
251 252 269
251 269 268
268 269 286
268 286 285
14 15 32
14 32 31
31 32 49
31 49 48
48 49 66
48 66 65
65 66 83
65 83 82
82 83 100
82 100 99
99 100 117
99 117 116
116 117 134
116 134 133
133 134 151
133 151 150
150 151 168
150 168 167
167 168 185
167 185 184
184 185 202
184 202 201
201 202 219
201 219 218
218 219 236
218 236 235
235 236 253
235 253 252
252 253 270
252 270 269
269 270 287
269 287 286
15 16 33
15 33 32
32 33 50
32 50 49
49 50 67
49 67 66
66 67 84
66 84 83
83 84 101
83 101 100
100 101 118
100 118 117
117 118 135
117 135 134
134 135 152
134 152 151
151 152 169
151 169 168
168 169 186
168 186 185
185 186 203
185 203 202
202 203 220
202 220 219
219 220 237
219 237 236
236 237 254
236 254 253
253 254 271
253 271 270
270 271 288
270 288 287
